SNP	Elastice net_coeff	CVC(10fold)	CHR	BP	A1	TEST	NMISS	BETA	STAT	P	P.fdr	AA	Aa	aa	Freq_AA	Freq_Aa	Freq_aa	MAF
rs10963686_A	0.252499362	100	9	18621514	A	ADD	8842	0.4274	3.186	0.001447	0.521147405	7168	1595	79	0.810676318	0.180389052	0.00893463	0.099129156
rs13273123_G	-0.246477827	100	8	57263345	G	ADD	8806	-0.7704	-4.813	0.000001508	0.061803872	7691	1070	45	0.873381785	0.121508063	0.005110152	0.065864184
rs10961780_G	-0.235261409	100	9	14888161	G	ADD	8821	-0.3999	-4.696	0.000002698	0.078197472	3982	3897	942	0.451422741	0.441786646	0.106790613	0.327683936
rs10969367_G	-0.234567966	100	9	29759617	G	ADD	8841	-0.8737	-3.248	0.001166	0.511094588	8443	395	3	0.954982468	0.044678204	0.000339328	0.02267843
rs137686_C	-0.225423047	100	22	38069584	C	ADD	8842	-0.4785	-3.738	0.0001869	0.356890556	6954	1798	90	0.786473648	0.203347659	0.010178693	0.111852522
rs2528627_G	-0.223649563	100	2	159293328	G	ADD	8842	-0.8162	-3.407	0.0006609	0.42597594	8351	482	9	0.944469577	0.054512554	0.001017869	0.028274146
rs17100910_T	-0.220892009	100	14	32922758	T	ADD	8842	-0.4453	-3.643	0.0002711	0.365476911	6832	1880	130	0.772675865	0.212621579	0.014702556	0.121013345
rs3812846_T	0.218164627	100	13	75021299	T	ADD	8841	0.2646	3.179	0.001485	0.521147405	3729	4003	1109	0.421784866	0.452776835	0.125438299	0.351826716
rs9934960_G	-0.217943297	100	16	17161049	G	ADD	8839	-0.3134	-3.732	0.0001909	0.357661513	3643	4110	1086	0.412150696	0.464984727	0.122864577	0.355356941
rs13025142_A	-0.217278736	100	2	85938656	A	ADD	8839	-0.2777	-3.46	0.000542	0.402697867	2869	4309	1661	0.324584229	0.487498586	0.187917185	0.431666478
rs16967491_T	0.215179029	97	15	36888988	T	ADD	8841	0.3143	3.694	0.000222	0.358853125	3989	3909	943	0.451193304	0.442144554	0.106662142	0.327734419
rs17074358_C	0.214027867	100	13	49928745	C	ADD	8842	0.3132	3.31	0.0009359	0.482837917	5116	3258	468	0.578602126	0.368468672	0.052929202	0.237163538
rs17195220_A	-0.211501488	100	16	6122616	A	ADD	8841	-0.3724	-3.234	0.001226	0.514301073	6551	2118	172	0.740979527	0.23956566	0.019454813	0.139237643
rs2730747_A	0.211104361	100	12	117606824	A	ADD	8831	0.2843	3.169	0.001537	0.521147405	4549	3626	656	0.515117201	0.410599026	0.074283773	0.279583286
rs12664199_A	0.211074911	93	6	2674836	A	ADD	8841	0.3228	3.475	0.0005136	0.398407111	4933	3383	525	0.557968556	0.382649022	0.059382423	0.250706934
rs17152411_G	0.208704853	100	10	126639506	G	ADD	8841	0.3052	3.383	0.0007212	0.438825345	4854	3363	624	0.549032915	0.380386834	0.070580251	0.260773668
rs4752480_T	0.208614576	100	10	122690270	T	ADD	8842	0.4306	4.184	0.00002892	0.180638913	5985	2547	310	0.676883058	0.288057001	0.035059941	0.179088442
rs1080599_C	-0.208147973	100	8	102813407	C	ADD	8838	-0.3059	-3.177	0.001492	0.521147405	5400	3008	430	0.610997963	0.340348495	0.048653542	0.218827789
rs12591839_G	0.206215472	100	15	95195382	G	ADD	8678	0.335	3.612	0.0003054	0.37154838	4972	3155	551	0.572943074	0.363563033	0.063493893	0.245275409
rs4766687_G	0.204687234	100	12	112445188	G	ADD	8840	0.6543	3.713	0.0002062	0.358853125	7916	896	28	0.895475113	0.101357466	0.003167421	0.053846154
rs17071510_T	0.203445179	100	8	4658756	T	ADD	8839	0.2732	3.173	0.001516	0.521147405	4280	3713	846	0.484217672	0.420070144	0.095712185	0.305747256
rs6038382_A	0.203195451	93	20	621424	A	ADD	8823	0.279	3.271	0.001074	0.500191091	3930	3948	945	0.445426726	0.447466848	0.107106426	0.33083985
rs2809603_T	-0.201056211	100	13	62112444	T	ADD	8826	-0.2865	-3.491	0.0004843	0.38952793	3216	4262	1348	0.364377974	0.482891457	0.152730569	0.394176297
rs11989122_A	-0.199137904	100	8	118897020	A	ADD	8842	-0.3737	-4.67	0.000003062	0.078197472	2356	4443	2043	0.266455553	0.502488125	0.231056322	0.482300385
rs4979429_T	-0.198138213	100	9	116364829	T	ADD	8841	-0.265	-3.303	0.0009603	0.485301002	2195	4465	2181	0.248275082	0.505033367	0.246691551	0.499208234
rs10509254_A	-0.197182071	100	10	67491213	A	ADD	8835	-0.4082	-3.217	0.001301	0.516190259	6885	1861	89	0.779286927	0.210639502	0.010073571	0.115393322
rs7277080_T	-0.196048464	100	21	41798270	T	ADD	8842	-1.337	-3.322	0.0008977	0.477282691	8665	177	0	0.979981905	0.020018095	0	0.010009048
rs2738079_A	0.19591474	100	8	6804222	A	ADD	8842	0.353	3.415	0.0006399	0.425568545	5895	2657	290	0.666704366	0.300497625	0.03279801	0.183046822
rs17706123_G	-0.195200781	100	5	141603206	G	ADD	8841	-0.287	-3.162	0.001572	0.521147405	4704	3529	608	0.532066508	0.399162991	0.068770501	0.268351996
rs344584_G	-0.193135138	100	19	6555018	G	ADD	8842	-0.8925	-3.521	0.0004321	0.381195269	8390	449	3	0.948880344	0.050780366	0.00033929	0.025729473
rs7987994_G	0.192887094	100	13	83777677	G	ADD	8842	0.2899	3.541	0.000401	0.378576712	3271	4228	1343	0.369938928	0.478172359	0.151888713	0.390974893
rs2257189_C	-0.190824822	100	10	62988025	C	ADD	8819	-0.2652	-3.184	0.001459	0.521147405	3312	4274	1233	0.375552784	0.484635446	0.13981177	0.382129493
rs6756775_G	-0.189427742	100	2	108063885	G	ADD	8842	-1.199	-3.375	0.000742	0.442567587	8629	208	5	0.975910428	0.02352409	0.000565483	0.012327528
rs6939653_T	0.189345108	100	6	74531491	T	ADD	8785	0.2713	3.381	0.0007243	0.438913733	2345	4401	2039	0.266932271	0.500967558	0.232100171	0.48258395
rs872259_A	0.189156381	100	14	19696131	A	ADD	8840	0.2714	3.382	0.0007239	0.438913733	3080	4210	1550	0.34841629	0.476244344	0.175339367	0.413461538
rs2079795_T	0.188156898	100	17	56851431	T	ADD	8842	0.397	4.652	0.000003335	0.078197472	3970	3941	931	0.44899344	0.445713639	0.10529292	0.32814974
rs10821929_A	-0.187649669	100	10	63307282	A	ADD	8812	-0.2608	-3.252	0.00115	0.509876215	2648	4356	1808	0.300499319	0.494325919	0.205174762	0.452337721
rs17328434_C	0.186842471	92	5	93983814	C	ADD	8842	0.8341	3.234	0.001224	0.514301073	8416	420	6	0.951820855	0.047500565	0.00067858	0.024428862
rs6700661_G	0.186783643	100	1	110870856	G	ADD	8842	0.8545	3.227	0.001257	0.514301073	8437	400	5	0.954195883	0.045238634	0.000565483	0.0231848
rs211589_T	-0.185894176	100	6	133790451	T	ADD	8842	-0.3297	-3.163	0.001564	0.521147405	5880	2692	270	0.665007917	0.304456005	0.030536078	0.182764081
rs1487122_T	0.184945745	100	11	11429193	T	ADD	8578	0.5154	3.521	0.0004317	0.381195269	7274	1226	78	0.847983213	0.142923758	0.009093029	0.080554908
rs785239_G	-0.184748954	100	2	190658915	G	ADD	8822	-0.5652	-3.555	0.0003794	0.376669324	7673	1107	42	0.869757425	0.12548175	0.004760825	0.0675017
rs12412029_A	-0.1831356	100	10	29528543	A	ADD	8840	-0.4198	-3.42	0.0006297	0.424348504	6901	1801	138	0.780656109	0.203733032	0.01561086	0.117477376
rs162097_A	0.181438932	100	5	55151099	A	ADD	8842	0.2895	3.643	0.0002708	0.365476911	2403	4376	2063	0.271771093	0.494910654	0.233318254	0.480773581
rs6011040_G	0.180564046	100	20	61807850	G	ADD	8836	0.31	3.599	0.0003207	0.372882999	4183	3794	859	0.473404255	0.42937981	0.097215935	0.31190584
rs4744135_T	-0.177751966	100	9	94291695	T	ADD	8842	-0.3348	-3.169	0.001537	0.521147405	6060	2520	262	0.685365302	0.285003393	0.029631305	0.172133002
rs2837078_A	0.175809541	98	21	39859901	A	ADD	8840	0.2872	3.346	0.0008238	0.464363483	3972	3961	907	0.449321267	0.448076923	0.10260181	0.326640271
rs1786732_G	0.175797712	100	18	21636779	G	ADD	8665	0.2838	3.498	0.0004714	0.387365566	2927	4170	1568	0.33779573	0.481246394	0.180957877	0.421581073
rs6483645_C	-0.175142817	100	11	20128523	C	ADD	8827	-0.3731	-4.073	0.00004674	0.23944902	4931	3326	570	0.55862694	0.376798459	0.064574601	0.25297383
rs2838887_A	0.174951672	100	21	45592958	A	ADD	8805	0.2653	3.241	0.001197	0.513694743	3325	4159	1321	0.377626349	0.472345258	0.150028393	0.386201022
rs1570004_A	0.173939661	100	20	33421667	A	ADD	8842	0.2986	3.338	0.0008484	0.469876022	4707	3476	659	0.532345623	0.393123728	0.074530649	0.271092513
rs17509759_T	-0.173803636	100	10	52445050	T	ADD	8842	-0.424	-3.192	0.00142	0.521147405	7151	1604	87	0.808753676	0.181406922	0.009839403	0.100542864
rs10446480_A	-0.17265714	100	3	55191794	A	ADD	8841	-0.2664	-3.221	0.001283	0.516087383	3680	4008	1153	0.416242507	0.453342382	0.130415111	0.357086302
rs7144116_A	-0.171882601	100	14	57209281	A	ADD	8835	-0.2649	-3.238	0.001208	0.513904637	3017	4360	1458	0.341482739	0.493491794	0.165025467	0.411771364
rs2286412_T	-0.168675733	100	14	74038920	T	ADD	8771	-0.3694	-3.586	0.0003375	0.376669324	5963	2487	321	0.679854065	0.283548056	0.036597879	0.178371907
rs1372494_G	0.167791288	100	4	46813141	G	ADD	8842	0.3217	3.599	0.0003209	0.372882999	4655	3522	665	0.526464601	0.398326171	0.075209229	0.274372314
rs7399173_A	-0.167101458	100	12	130602381	A	ADD	8842	-0.272	-3.333	0.0008615	0.472344027	3150	4279	1413	0.356254241	0.483940285	0.159805474	0.401775616
rs11109315_A	0.166826739	100	12	96902837	A	ADD	8842	0.3988	3.436	0.0005933	0.416598461	6601	2073	168	0.746550554	0.23444922	0.019000226	0.136224836
rs3013749_A	0.166558452	100	1	53845347	A	ADD	8842	0.3296	4.066	0.00004818	0.243028815	2917	4357	1568	0.329902737	0.492761819	0.177335444	0.423716354
rs7860416_T	-0.165163197	94	9	33166426	T	ADD	8842	-0.4986	-4.507	0.000006674	0.103905617	6346	2287	209	0.717710925	0.258651889	0.023637186	0.152963131
rs17818498_C	0.164798766	100	12	11764555	C	ADD	8826	0.3391	3.869	0.0001103	0.322169878	4382	3681	763	0.49648765	0.417063222	0.086449128	0.294980739
rs7968283_T	-0.16475768	100	12	45045403	T	ADD	8841	-0.3486	-3.197	0.001394	0.518728408	6301	2309	231	0.712702183	0.261169551	0.026128266	0.156713042
rs828883_A	-0.164558257	100	2	74228965	A	ADD	8841	-0.3368	-3.318	0.0009102	0.477718932	5663	2869	309	0.640538401	0.324510802	0.034950797	0.197206198
rs6001124_G	0.163822282	100	22	20835130	G	ADD	8842	0.7576	3.553	0.0003829	0.376669324	8220	608	14	0.929653924	0.068762723	0.001583352	0.035964714
rs6812287_A	0.163805109	100	4	183704639	A	ADD	8842	0.3094	3.371	0.0007518	0.445739909	4911	3367	564	0.555417326	0.3807962	0.063786474	0.254184574
rs11023996_G	0.163034494	100	11	2733024	G	ADD	8701	0.3065	3.407	0.000659	0.42597594	4625	3418	658	0.531548098	0.392828411	0.075623492	0.272037697
rs9268645_C	0.162256611	99	6	32516505	C	ADD	8842	0.2769	3.47	0.0005224	0.401124901	2291	4421	2130	0.259104275	0.5	0.240895725	0.490895725
rs11170388_T	0.161922979	100	12	51737353	T	ADD	8842	0.3726	3.227	0.001256	0.514301073	6550	2125	167	0.740782628	0.240330242	0.01888713	0.139052251
rs2247341_G	-0.161906281	100	4	1671115	G	ADD	8842	-0.297	-3.417	0.0006367	0.425568545	4342	3701	799	0.49106537	0.418570459	0.090364171	0.299649401
rs307117_A	-0.161725227	100	18	35866638	A	ADD	8842	-0.9031	-3.315	0.0009214	0.479233511	8477	355	10	0.958719747	0.040149287	0.001130966	0.02120561
rs1723527_G	-0.161375591	99	6	64159777	G	ADD	8842	-0.814	-3.523	0.0004281	0.381195269	8309	524	9	0.93971952	0.05926261	0.001017869	0.030649174
rs2292239_T	-0.160351064	100	12	54768447	T	ADD	8840	-0.4578	-4.633	0.000003664	0.080088201	5507	2970	363	0.622963801	0.335972851	0.041063348	0.209049774
rs6918981_G	0.159795716	100	6	34346492	G	ADD	8837	0.5399	5.513	3.63E-08	0.004222991	5528	2921	388	0.625551658	0.330542039	0.043906303	0.209177323
rs600130_C	-0.159669162	100	9	96378817	C	ADD	8842	-0.5245	-4.659	0.00000323	0.078197472	6442	2208	192	0.728568197	0.249717259	0.021714544	0.146573173
rs7324102_C	0.159258814	100	13	38765151	C	ADD	8842	0.3497	3.574	0.0003538	0.376669324	5560	2888	394	0.62881701	0.326622936	0.044560054	0.207871522
rs6667166_T	0.158322643	100	1	180670724	T	ADD	8842	0.2594	3.242	0.001193	0.512649143	2401	4434	2007	0.271544899	0.501470256	0.226984845	0.477719973
rs12439364_C	-0.158181955	100	15	20457072	C	ADD	8840	-0.2729	-3.439	0.0005862	0.416598461	2654	4306	1880	0.300226244	0.487104072	0.212669683	0.456221719
rs4722143_G	0.15801748	100	7	22479720	G	ADD	8837	0.2812	3.522	0.0004298	0.381195269	2734	4323	1780	0.309381012	0.489193165	0.201425823	0.446022406
rs12281674_G	0.157791639	100	11	45856538	G	ADD	8842	0.4968	3.159	0.001588	0.522227418	7695	1096	51	0.870278218	0.123953857	0.005767926	0.067744854
rs1482057_A	-0.15622901	100	15	58852043	A	ADD	8841	-0.4036	-3.66	0.0002537	0.358853125	6327	2301	213	0.715643027	0.260264676	0.024092297	0.154224635
rs10744471_T	-0.154858221	100	12	129651926	T	ADD	8842	-0.3367	-3.243	0.001186	0.512649143	6005	2543	294	0.67914499	0.287604614	0.033250396	0.177052703
rs7960610_G	-0.154657898	100	12	115916617	G	ADD	8842	-0.7148	-3.19	0.001427	0.521147405	8284	545	13	0.936892106	0.061637639	0.001470256	0.032289075
rs1014427_G	-0.154623734	100	6	5363851	G	ADD	8842	-0.2844	-3.472	0.0005199	0.400835065	3360	4176	1306	0.380004524	0.472291337	0.147704139	0.383849808
rs1455387_T	0.153957028	100	8	40286853	T	ADD	8842	0.7721	3.976	0.00007069	0.304964101	8086	737	19	0.914498982	0.083352183	0.002148835	0.043824926
rs10148270_T	0.153585478	100	14	85036717	T	ADD	8749	0.3011	3.393	0.0006935	0.433929832	4558	3480	711	0.520973826	0.397759744	0.08126643	0.280146302
rs251421_G	-0.153075593	100	5	76608726	G	ADD	8840	-0.3587	-3.275	0.001062	0.496705092	6365	2242	233	0.720022624	0.25361991	0.026357466	0.153167421
rs7916609_C	-0.152813592	100	10	8694694	C	ADD	8775	-0.2595	-3.196	0.001396	0.518728408	2284	4500	1991	0.2602849	0.512820513	0.226894587	0.483304843
rs34328262_G	-0.152799286	100	10	108889972	G	ADD	8488	-0.5717	-3.252	0.001152	0.509876215	7526	942	20	0.886663525	0.110980207	0.002356268	0.057846371
rs10788883_C	-0.152567563	100	1	48454621	C	ADD	8798	-0.2968	-3.628	0.0002869	0.37154838	3232	4201	1365	0.367356217	0.477494885	0.155148897	0.39389634
rs10784640_G	0.152456464	100	12	66374267	G	ADD	8842	0.2941	3.448	0.0005675	0.41326284	4003	3909	930	0.452725628	0.442094549	0.105179824	0.326227098
rs8031580_A	-0.152150332	100	15	49274962	A	ADD	8824	-0.3011	-3.669	0.0002453	0.358853125	3235	4247	1342	0.366613781	0.481300997	0.152085222	0.392735721
rs3739027_C	0.151814453	100	2	136198650	C	ADD	8842	0.3452	3.237	0.001214	0.513904637	5969	2644	229	0.675073513	0.299027369	0.025899118	0.175412803
rs10979024_T	-0.15137779	96	9	109523938	T	ADD	8842	-0.5235	-3.169	0.001536	0.521147405	7770	1040	32	0.878760461	0.117620448	0.003619091	0.062429315
rs2580330_G	-0.151084333	100	2	121775004	G	ADD	8733	-0.3646	-3.577	0.00035	0.376669324	5844	2553	336	0.669185847	0.292339402	0.038474751	0.184644452
rs7579446_C	0.150219385	100	2	1196464	C	ADD	8841	0.5195	3.53	0.0004181	0.381195269	7497	1285	59	0.847980998	0.145345549	0.006673453	0.079346228
rs1674682_A	-0.150090101	100	5	71387753	A	ADD	8838	-0.2857	-3.576	0.0003507	0.376669324	2696	4346	1796	0.305046391	0.491740213	0.203213397	0.449083503
rs17019115_C	-0.149915718	100	2	36656521	C	ADD	8834	-0.2798	-3.514	0.0004438	0.381213612	2691	4316	1827	0.304618519	0.488566901	0.20681458	0.45109803
rs16828632_G	0.149227809	100	2	232692444	G	ADD	8842	0.3804	4.765	0.000001921	0.069982457	2523	4396	1923	0.285342683	0.497172585	0.217484732	0.466071025
rs1387631_C	0.14878968	100	4	145801046	C	ADD	8842	0.3235	4.037	0.00005456	0.263818166	2762	4344	1736	0.312372766	0.491291563	0.196335671	0.441981452
rs12476309_G	0.148708166	100	2	3383852	G	ADD	8811	0.2849	3.536	0.0004088	0.378576712	2281	4472	2058	0.258880944	0.507547384	0.233571672	0.487345364
rs9927211_G	0.148623709	100	16	6064715	G	ADD	8841	0.3994	3.239	0.001205	0.513904637	6859	1859	123	0.775817215	0.210270331	0.013912453	0.119047619
rs3913972_T	-0.148012511	100	6	87217610	T	ADD	8841	-0.261	-3.263	0.001106	0.506212418	2507	4407	1927	0.283565208	0.498473023	0.217961769	0.467198281
rs6497272_G	-0.147917185	100	15	26039785	G	ADD	8842	-0.9308	-3.71	0.0002083	0.358853125	8380	459	3	0.947749378	0.051911332	0.00033929	0.026294956
rs4801847_C	0.147805586	100	19	55871709	C	ADD	8842	0.2729	3.285	0.001023	0.49108793	3414	4218	1210	0.386111739	0.477041393	0.136846867	0.375367564
rs12761676_A	0.146794485	100	10	37272421	A	ADD	8842	0.9452	3.623	0.0002931	0.37154838	8427	409	6	0.953064917	0.046256503	0.00067858	0.023806831
rs4675453_C	0.146551162	100	2	204983435	C	ADD	8810	0.2579	3.157	0.001599	0.524071129	2351	4578	1881	0.266855846	0.519636776	0.213507378	0.473325766
rs17358860_A	-0.145718832	100	4	120737512	A	ADD	8842	-0.5515	-3.609	0.0003096	0.37154838	7625	1160	57	0.862361457	0.131192038	0.006446505	0.072042524
rs4853825_T	-0.145431945	100	2	1858285	T	ADD	8842	-0.2704	-3.226	0.001258	0.514301073	3744	4029	1069	0.423433612	0.455666139	0.120900249	0.348733318
rs17837771_T	0.143446223	100	7	156988640	T	ADD	8840	0.4547	3.537	0.0004061	0.378576712	7053	1680	107	0.797850679	0.190045249	0.012104072	0.107126697
rs16846846_T	0.143140439	100	3	164600242	T	ADD	8760	0.2673	3.29	0.001007	0.489152189	3841	3707	1212	0.43847032	0.423173516	0.138356164	0.349942922
rs6857603_C	-0.142238588	100	4	92760084	C	ADD	8842	-0.9441	-3.199	0.001386	0.518694998	8516	323	3	0.963130513	0.036530197	0.00033929	0.018604388
rs11240698_A	0.142085861	100	1	202443577	A	ADD	8842	0.2898	3.348	0.0008163	0.463048293	4127	3870	845	0.466749604	0.437683782	0.095566614	0.314408505
rs2279506_G	0.142059571	100	4	120174158	G	ADD	8836	0.2788	3.483	0.0004985	0.391952499	2260	4446	2130	0.255771842	0.503168855	0.241059303	0.49264373
rs3772775_C	-0.14115066	100	3	125852050	C	ADD	8842	-0.2664	-3.213	0.001318	0.51734381	3477	4165	1200	0.393236824	0.471047274	0.135715901	0.371239539
rs4979380_G	0.141011785	100	9	116207080	G	ADD	8842	0.2641	3.291	0.001001	0.489152189	2419	4453	1970	0.273580638	0.503619091	0.222800271	0.474609817
rs16895971_C	-0.139667865	100	4	17494084	C	ADD	8819	-0.3594	-3.686	0.0002292	0.358853125	5449	2973	397	0.617870507	0.337113051	0.045016442	0.213572967
rs12484740_G	0.138889742	100	22	28936927	G	ADD	8830	0.5179	3.471	0.0005208	0.400835065	7513	1264	53	0.850849377	0.143148358	0.006002265	0.077576444
rs6875155_A	-0.137881479	100	5	55306811	A	ADD	8841	-0.7684	-3.179	0.001481	0.521147405	8356	477	8	0.945141952	0.053953173	0.000904875	0.027881461
rs2797548_T	0.137832991	100	1	217990612	T	ADD	8841	0.3224	3.396	0.0006872	0.432463797	5232	3148	461	0.591788259	0.356068318	0.052143423	0.230177582
rs7000539_G	0.137434451	100	8	63202305	G	ADD	8751	0.2574	3.213	0.001318	0.51734381	2589	4310	1852	0.295851903	0.492515141	0.211632956	0.457890527
rs4675800_C	0.137302965	100	2	242151315	C	ADD	8828	0.3606	3.179	0.001483	0.521147405	6414	2236	178	0.72655188	0.253285002	0.020163117	0.146805618
rs9516222_T	0.137112491	100	13	92775697	T	ADD	8842	0.371	3.568	0.0003615	0.376669324	5935	2626	281	0.671228229	0.296991631	0.03178014	0.180275956
rs2615009_T	-0.137072083	87	16	50277942	T	ADD	8842	-0.4535	-3.608	0.00031	0.37154838	6971	1752	119	0.78839629	0.198145216	0.013458494	0.112531102
rs1869348_T	-0.136869843	100	16	79699758	T	ADD	8825	-0.2752	-3.198	0.001389	0.518694998	4141	3813	871	0.469235127	0.432067989	0.098696884	0.314730878
rs7189843_G	0.136804599	100	16	80459640	G	ADD	8840	0.3154	3.943	0.00008114	0.305312981	2210	4448	2182	0.25	0.503167421	0.246832579	0.49841629
rs11224510_A	0.136792952	100	11	100279316	A	ADD	8841	0.2568	3.244	0.001184	0.512649143	2475	4331	2035	0.279945707	0.489876711	0.230177582	0.475115937
rs13033111_T	0.136337032	100	2	30569811	T	ADD	8842	0.291	3.604	0.0003148	0.372882999	3276	4141	1425	0.370504411	0.468332956	0.161162633	0.395329111
rs2072797_T	0.136108785	100	22	37464153	T	ADD	8840	0.3636	3.552	0.0003843	0.376669324	5822	2713	305	0.658597285	0.306900452	0.034502262	0.187952489
rs17016123_C	-0.135885763	100	4	143574788	C	ADD	8842	-0.4367	-4.21	0.00002578	0.180638913	5847	2720	275	0.661275729	0.30762271	0.031101561	0.184912916
rs1708520_G	-0.135611757	100	15	66024124	G	ADD	8840	-0.3747	-3.173	0.001514	0.521147405	6649	2043	148	0.752149321	0.231108597	0.016742081	0.13229638
rs136079_A	0.135416035	94	22	45727498	A	ADD	8842	0.3433	3.561	0.0003709	0.376669324	5334	3087	421	0.603257182	0.349129156	0.047613662	0.22217824
rs229037_C	-0.135237341	100	21	27126295	C	ADD	8835	-0.4926	-3.601	0.0003191	0.372882999	7272	1481	82	0.823089983	0.167628749	0.009281268	0.093095642
rs9940059_C	0.135149576	100	16	51555112	C	ADD	8842	0.4672	3.466	0.0005302	0.402230038	7220	1537	85	0.81655734	0.17382945	0.00961321	0.096527935
rs2190942_C	-0.134381742	100	7	15857425	C	ADD	8840	-0.2704	-3.224	0.001268	0.514301073	3876	3929	1035	0.438461538	0.444457014	0.117081448	0.339309955
rs4800457_G	-0.133447075	84	18	19022058	G	ADD	8842	-0.3703	-3.947	0.00007977	0.305312981	5232	3113	497	0.59172133	0.352069667	0.056209002	0.232243836
rs2011603_A	-0.133235192	100	4	17634582	A	ADD	8842	-0.3201	-4.009	0.00006139	0.276625157	2469	4405	1968	0.279235467	0.498190455	0.222574078	0.471669306
rs767755_G	0.132750136	100	14	60944201	G	ADD	8842	0.3311	3.19	0.00143	0.521147405	5909	2651	282	0.668287718	0.299819045	0.031893237	0.18180276
rs419658_A	-0.132272602	99	8	8808857	A	ADD	8836	-0.4988	-4.009	0.00006159	0.276625157	6934	1776	126	0.784744228	0.200995926	0.014259846	0.114757809
rs4836717_G	-0.131929554	100	9	120126508	G	ADD	8830	-0.3245	-3.698	0.0002189	0.358853125	4189	3862	779	0.474405436	0.437372593	0.088221971	0.306908267
rs41328154_C	0.131494418	100	14	53826312	C	ADD	8842	0.7226	3.172	0.00152	0.521147405	8295	537	10	0.938136168	0.060732866	0.001130966	0.031497399
rs10749593_C	-0.130482825	100	10	90364037	C	ADD	8838	-0.9418	-3.988	0.00006705	0.297078616	8324	507	7	0.941842046	0.05736592	0.000792034	0.029474994
rs4142453_T	0.129141816	100	1	63603067	T	ADD	8836	0.8843	3.16	0.001584	0.522227418	8496	329	11	0.96152105	0.037234043	0.001244907	0.019861928
rs11243976_A	0.12898551	100	9	132478315	A	ADD	8842	0.3252	3.299	0.0009726	0.486902434	5576	2890	376	0.630626555	0.326849129	0.042524316	0.20594888
rs6088692_A	0.128114252	100	20	33102249	A	ADD	8842	0.3079	3.523	0.0004281	0.381195269	4392	3679	771	0.496720199	0.416082334	0.087197467	0.295238634
rs17048919_G	-0.128029712	100	3	8287555	G	ADD	8841	-0.2528	-3.163	0.001568	0.521147405	2661	4358	1822	0.300984052	0.492930664	0.206085284	0.452550616
rs2097657_A	-0.127685531	94	17	10493213	A	ADD	8842	-0.3223	-3.788	0.0001529	0.337554126	3892	3989	961	0.440171907	0.451142276	0.108685818	0.334256955
rs7823902_C	0.127275882	100	8	26963854	C	ADD	8840	0.2604	3.202	0.001371	0.518694998	3299	4168	1373	0.373190045	0.471493213	0.155316742	0.391063348
rs7240733_C	-0.126884469	94	18	9866208	C	ADD	8842	-0.7096	-3.201	0.001373	0.518694998	8250	585	7	0.933046822	0.066161502	0.000791676	0.033872427
rs6502236_T	0.126836369	100	17	12975623	T	ADD	8842	0.2763	3.198	0.001388	0.518694998	4204	3796	842	0.475458041	0.429314635	0.095227324	0.309884641
rs1329701_T	-0.126549345	100	13	60164376	T	ADD	8839	-0.2652	-3.326	0.0008848	0.477140042	2506	4384	1949	0.283516235	0.495983709	0.220500057	0.468491911
rs41464348_A	-0.126455123	100	2	33380803	A	ADD	8827	-0.372	-4.512	0.000006499	0.103905617	3725	3948	1154	0.42200068	0.447264076	0.130735244	0.354367282
rs7230503_C	-0.126358728	100	18	1936067	C	ADD	8842	-0.2594	-3.243	0.001189	0.512649143	2211	4442	2189	0.250056548	0.502375028	0.247568423	0.498755938
rs16828476_C	0.126345865	100	3	159071776	C	ADD	8842	0.4281	4.151	0.00003341	0.188865578	5873	2677	292	0.664216241	0.302759557	0.033024203	0.184403981
rs258322_G	0.125780017	100	16	88283404	G	ADD	8841	0.2985	3.678	0.0002369	0.358853125	3050	4300	1491	0.344983599	0.48637032	0.168646081	0.411831241
rs41338750_G	-0.125722274	100	4	6397613	G	ADD	8842	-1.262	-3.764	0.0001683	0.343552835	8594	245	3	0.971952047	0.027708663	0.00033929	0.014193621
rs10484111_C	-0.122845091	100	14	83251871	C	ADD	8841	-0.2666	-3.303	0.0009619	0.485301002	2605	4451	1785	0.294649926	0.503449836	0.201900238	0.453625156
rs7555429_G	0.122316609	100	1	82321374	G	ADD	8839	0.7536	3.74	0.0001854	0.356890556	8123	704	12	0.918995361	0.079647019	0.00135762	0.041181129
rs4718593_T	0.122181789	100	7	66642263	T	ADD	8841	0.2936	3.661	0.0002524	0.358853125	2663	4384	1794	0.30121027	0.495871508	0.202918222	0.450853976
rs2071303_T	0.122101137	100	6	26199315	T	ADD	8835	0.2858	3.225	0.001265	0.514301073	4475	3649	711	0.506508206	0.413016412	0.080475382	0.286983588
rs10260793_C	0.121870408	100	7	111577003	C	ADD	8824	0.3014	3.737	0.0001877	0.356890556	2585	4434	1805	0.292951043	0.5024932	0.204555757	0.455802357
rs41354449_A	0.121463485	100	4	3645613	A	ADD	8842	0.4839	3.55	0.0003867	0.376669324	7308	1441	93	0.826509839	0.162972178	0.010517982	0.092004071
rs793698_C	0.121430599	100	6	24485324	C	ADD	8841	0.3033	3.162	0.001571	0.521147405	5348	3055	438	0.604908947	0.345549146	0.049541907	0.22231648
rs703372_T	0.120807748	100	10	119342542	T	ADD	8839	0.307	3.163	0.001566	0.521147405	5490	2936	413	0.621110985	0.332164272	0.046724743	0.212806879
rs1538308_A	0.120096549	100	6	132740149	A	ADD	8764	0.2591	3.251	0.001156	0.509876215	2378	4332	2054	0.271337289	0.494294843	0.234367869	0.48151529
rs2523865_C	0.120079875	100	6	31126427	C	ADD	8842	0.3791	4.545	0.000005576	0.096221804	3565	4140	1137	0.403189324	0.46821986	0.128590817	0.362700746
rs9423896_C	0.119945783	100	10	5756864	C	ADD	8840	0.348	3.176	0.0015	0.521147405	6324	2290	226	0.715384615	0.259049774	0.025565611	0.155090498
rs267526_A	-0.119887037	100	3	37491140	A	ADD	8842	-0.3817	-3.294	0.0009906	0.489141571	6566	2112	164	0.742592174	0.238859986	0.01854784	0.137977833
rs17047290_C	0.119716366	99	2	55959438	C	ADD	8840	0.4136	3.378	0.0007327	0.44079232	6823	1891	126	0.771832579	0.213914027	0.014253394	0.121210407
rs651134_T	-0.11917907	100	10	27589967	T	ADD	8842	-0.3164	-3.512	0.0004466	0.381213612	4627	3577	638	0.523297896	0.404546483	0.072155621	0.274428862
rs17124881_C	0.11870567	100	20	31705512	C	ADD	8842	0.2938	3.711	0.0002078	0.358853125	3128	4097	1617	0.353766116	0.463356707	0.182877177	0.41455553
rs6587552_A	0.118593517	98	1	149285485	A	ADD	8833	0.5036	3.445	0.0005727	0.41326284	7494	1272	67	0.848409374	0.144005434	0.007585192	0.079587909
rs2135210_C	-0.118456362	100	6	157888024	C	ADD	8840	-0.2742	-3.424	0.000619	0.421939227	2464	4424	1952	0.278733032	0.500452489	0.22081448	0.471040724
rs903276_G	0.118280144	100	10	31093288	G	ADD	8842	0.3359	3.443	0.0005776	0.414611004	5580	2857	405	0.631078941	0.323116942	0.045804117	0.207362588
rs4743176_A	-0.117943567	100	9	99970480	A	ADD	8842	-0.2702	-3.253	0.001146	0.509876215	3474	4177	1191	0.392897534	0.472404433	0.134698032	0.370900249
rs7714853_T	0.11702765	100	5	168255812	T	ADD	8841	0.4081	3.346	0.0008244	0.464363483	6834	1873	134	0.772989481	0.211853863	0.015156656	0.121083588
rs1367682_C	-0.116605753	100	6	123650769	C	ADD	8842	-1.31	-3.35	0.0008108	0.462556115	8654	188	0	0.978737842	0.021262158	0	0.010631079
rs10513137_A	0.116527807	100	3	142626120	A	ADD	8828	0.4981	5.515	3.59E-08	0.004222991	4836	3372	620	0.547802447	0.38196647	0.070231083	0.261214318
rs11016847_A	-0.116472399	100	10	131302147	A	ADD	8841	-0.502	-3.205	0.001358	0.518694998	7634	1169	38	0.863476982	0.132224861	0.004298156	0.070410587
rs4448355_C	-0.116305293	100	9	113322866	C	ADD	8842	-0.3412	-3.681	0.0002333	0.358853125	5055	3255	532	0.571703235	0.368129382	0.060167383	0.244232074
rs17535067_A	-0.11592474	100	1	107876477	A	ADD	8842	-0.7983	-3.477	0.0005099	0.397106729	8295	540	7	0.938136168	0.061072156	0.000791676	0.031327754
rs11228763_G	-0.115727447	97	11	56267736	G	ADD	8841	-0.5062	-4.263	0.00002042	0.167378656	6711	1980	150	0.759077027	0.223956566	0.016966407	0.12894469
rs1046314_G	-0.115588769	90	4	6354856	G	ADD	8842	-0.8742	-3.505	0.0004581	0.381213612	8390	444	8	0.948880344	0.050214884	0.000904773	0.026012214
rs4838446_T	0.115287183	100	10	49987784	T	ADD	8842	0.2942	3.211	0.001327	0.51734381	5044	3228	570	0.570459172	0.365075775	0.064465053	0.247002941
rs17523270_T	0.115127624	100	15	49325572	T	ADD	8825	0.2683	3.315	0.0009214	0.479233511	3089	4244	1492	0.350028329	0.480906516	0.169065156	0.409518414
rs10995014_G	-0.1150061	98	10	63454088	G	ADD	8842	-0.3776	-3.312	0.0009284	0.481639818	6537	2118	187	0.739312373	0.239538566	0.021149061	0.140918344
rs1551991_T	0.114418666	100	15	90695158	T	ADD	8841	0.3012	3.29	0.001004	0.489152189	4989	3280	572	0.564302681	0.370998756	0.064698564	0.250197941
rs1229137_C	-0.114259816	100	1	118775265	C	ADD	8836	-0.2605	-3.173	0.001513	0.521147405	3370	4175	1291	0.381394296	0.472498868	0.146106836	0.38235627
rs2610022_C	-0.114171417	91	8	57641823	C	ADD	8842	-0.5837	-3.363	0.0007756	0.452905958	7861	959	22	0.889052251	0.108459625	0.002488125	0.056717937
rs2496292_C	-0.113549288	100	6	1219617	C	ADD	8842	-0.3374	-3.343	0.0008318	0.465399197	5704	2811	327	0.645102918	0.317914499	0.036982583	0.195939833
rs1512355_A	0.113160673	100	11	36974806	A	ADD	8842	0.2952	3.418	0.0006339	0.425294907	4245	3760	837	0.480095001	0.425243158	0.094661841	0.30728342
rs1972998_T	-0.112996962	82	14	80145490	T	ADD	8842	-0.4065	-4.304	0.00001696	0.163550268	5319	3044	479	0.601560733	0.344266003	0.054173264	0.226306266
rs11021168_G	-0.112347952	100	11	94832039	G	ADD	8842	-0.2606	-3.235	0.001221	0.513904637	2481	4469	1892	0.280592626	0.505428636	0.213978738	0.466693056
rs6812389_G	0.11180378	100	4	145845546	G	ADD	8839	0.3251	3.202	0.001369	0.518694998	5781	2737	321	0.654033262	0.309650413	0.036316325	0.191141532
rs11655913_C	0.111500712	100	17	30821778	C	ADD	8833	0.255	3.207	0.001345	0.518694998	2279	4383	2171	0.258009736	0.496207404	0.24578286	0.493886562
rs12438345_T	0.111384144	100	15	52288401	T	ADD	8842	0.3052	3.173	0.001512	0.521147405	5359	3054	429	0.606084596	0.345396969	0.048518435	0.221216919
rs6894882_C	0.110996937	100	5	122816103	C	ADD	8841	0.4441	3.555	0.0003801	0.376669324	6875	1859	107	0.777626965	0.210270331	0.012102703	0.117237869
rs7138867_T	0.110831783	100	12	111688877	T	ADD	8836	0.2861	3.191	0.001421	0.521147405	4696	3487	653	0.5314622	0.394635582	0.073902218	0.271220009
rs492899_C	0.110350303	100	6	32041497	C	ADD	8839	0.4888	3.461	0.0005403	0.402697867	7343	1433	63	0.830750085	0.162122412	0.007127503	0.088188709
rs10511576_G	-0.109269365	100	9	12915921	G	ADD	8840	-0.2572	-3.231	0.00124	0.514301073	2735	4305	1800	0.30938914	0.48699095	0.20361991	0.447115385
rs6989827_C	-0.109146549	100	8	103211624	C	ADD	8747	-0.2701	-3.236	0.001215	0.513904637	3689	3952	1106	0.421744598	0.45181205	0.126443352	0.352349377
rs9860730_A	-0.108464317	98	3	64676186	A	ADD	8842	-0.3244	-3.278	0.001048	0.496289704	5552	2926	364	0.627912237	0.330920606	0.041167157	0.20662746
rs139553_T	0.108415974	91	22	40517145	T	ADD	8842	0.5012	3.238	0.00121	0.513904637	7611	1189	42	0.860778105	0.134471839	0.004750057	0.071985976
rs10514464_G	0.108223139	85	16	78237914	G	ADD	8842	0.3117	3.541	0.000401	0.378576712	4483	3625	734	0.507011988	0.409975119	0.083012893	0.288000452
rs1009570_A	-0.107969074	68	17	35849951	A	ADD	8842	-0.2903	-3.621	0.0002947	0.37154838	2554	4412	1876	0.288848677	0.498982131	0.212169192	0.461660258
rs695809_G	-0.107769344	100	22	24608128	G	ADD	8797	-0.2711	-3.252	0.001149	0.509876215	3700	3988	1109	0.420597931	0.453336365	0.126065704	0.352733887
rs17038182_C	-0.107739848	100	1	118669928	C	ADD	8721	-0.4502	-5.502	3.86E-08	0.004222991	2910	4303	1508	0.333677331	0.493406719	0.17291595	0.41961931
rs11013804_T	0.107691981	95	10	24270246	T	ADD	8841	0.4968	3.312	0.0009316	0.482536422	7564	1219	58	0.855559326	0.13788033	0.006560344	0.075500509
rs2763223_C	0.107675068	98	6	168605423	C	ADD	8842	0.3305	3.847	0.0001203	0.322169878	4218	3761	863	0.477041393	0.425356254	0.097602352	0.31028048
rs7032733_A	0.107442146	100	9	92612166	A	ADD	8842	0.3437	3.205	0.001356	0.518694998	6108	2498	236	0.690793938	0.282515268	0.026690794	0.167948428
rs293545_A	-0.107384868	100	20	30542918	A	ADD	8842	-0.5066	-3.354	0.0007987	0.458618855	7554	1239	49	0.854331599	0.140126668	0.005541733	0.075605067
rs10982246_A	-0.107351715	79	9	116290214	A	ADD	8842	-0.2936	-3.671	0.000243	0.358853125	2626	4377	1839	0.296991631	0.49502375	0.207984619	0.455496494
rs2828777_G	0.107224582	100	21	24356122	G	ADD	8842	0.4544	3.482	0.0005002	0.392348264	7078	1672	92	0.800497625	0.189097489	0.010404886	0.10495363
rs7897278_G	0.107053487	95	10	108892233	G	ADD	8832	0.2701	3.242	0.001191	0.512649143	3695	4026	1111	0.418365036	0.455842391	0.125792572	0.353713768
rs1321440_A	0.106198939	100	20	6486532	A	ADD	8831	0.3304	3.537	0.000407	0.378576712	5118	3204	509	0.579549315	0.362812818	0.057637867	0.239044276
rs10940730_G	0.106098208	99	5	28525045	G	ADD	8840	0.3498	3.441	0.000582	0.414829357	5796	2725	319	0.655656109	0.308257919	0.036085973	0.190214932
rs12915227_G	-0.10559476	100	15	60226749	G	ADD	8842	-0.2853	-3.392	0.0006977	0.434228966	3749	4043	1050	0.423999095	0.457249491	0.118751414	0.347376159
rs11026452_A	0.105570968	100	11	22164071	A	ADD	8839	0.3412	3.684	0.0002308	0.358853125	5079	3225	535	0.574612513	0.364860278	0.060527209	0.242957348
rs7593754_A	-0.105472103	100	2	96971271	A	ADD	8842	-0.394	-3.172	0.00152	0.521147405	6876	1850	116	0.777652115	0.209228681	0.013119204	0.117733544
rs161732_A	-0.104939686	99	5	98305022	A	ADD	8842	-0.4842	-3.492	0.0004819	0.38952793	7285	1489	68	0.823908618	0.168400814	0.007690568	0.091890975
rs4853631_T	-0.104893147	100	2	192289779	T	ADD	8777	-0.3315	-3.288	0.001012	0.489152189	5691	2744	342	0.648399225	0.312635297	0.038965478	0.195283126
rs10012571_T	-0.10473638	100	4	5196707	T	ADD	8842	-0.2858	-3.309	0.0009385	0.483057884	4182	3813	847	0.472969916	0.431237277	0.095792807	0.311411445
rs4794889_C	0.103775945	100	17	26819348	C	ADD	8661	0.2668	3.281	0.001039	0.49586464	2645	4299	1717	0.305391987	0.496363007	0.198245006	0.44642651
rs8068674_T	-0.103484194	100	17	74419040	T	ADD	8842	-0.294	-3.232	0.001232	0.514301073	4825	3420	597	0.54569102	0.386790319	0.067518661	0.26091382
rs10830264_G	-0.103171583	96	11	88751030	G	ADD	8808	-0.3313	-3.263	0.001105	0.506212418	5728	2762	318	0.650317893	0.313578565	0.036103542	0.192892825
rs2643626_G	0.102998686	68	12	55012785	G	ADD	8842	0.7233	3.667	0.0002465	0.358853125	8113	710	19	0.91755259	0.080298575	0.002148835	0.042298123
rs4234798_T	0.102585074	100	4	7270834	T	ADD	8841	0.3005	3.329	0.0008745	0.47549596	4696	3517	628	0.531161633	0.397805678	0.071032689	0.269935528
rs2050158_G	-0.102335137	100	6	1045777	G	ADD	8839	-0.2834	-3.511	0.000449	0.381213612	2892	4343	1604	0.327186333	0.491345175	0.181468492	0.427141079
rs1656463_A	-0.100547556	100	3	25593163	A	ADD	8842	-0.4639	-3.175	0.001503	0.521147405	7438	1353	51	0.841212395	0.153019679	0.005767926	0.082277765
rs7121911_G	-0.100523996	100	11	16936729	G	ADD	8842	-0.286	-3.171	0.001523	0.521147405	4650	3558	634	0.525899118	0.402397648	0.071703235	0.272902058
rs7617156_T	-0.100514582	100	3	9047878	T	ADD	8833	-0.2784	-3.322	0.0008972	0.477282691	3865	3924	1044	0.437563682	0.444243179	0.118193139	0.340314729
rs11033386_C	0.099780865	100	11	36023232	C	ADD	8842	0.2946	3.199	0.001383	0.518694998	4983	3306	553	0.56356028	0.373897308	0.062542411	0.249491065
rs41375847_C	-0.099688064	100	3	68033110	C	ADD	8842	-0.4306	-3.257	0.001131	0.509876215	7127	1628	87	0.806039358	0.18412124	0.009839403	0.101900023
rs13190691_C	-0.099629091	95	6	25084718	C	ADD	8842	-0.3084	-3.43	0.0006064	0.418916877	4730	3472	640	0.534946845	0.392671341	0.072381814	0.268717485
rs11940459_A	0.099444039	100	4	6076745	A	ADD	8842	0.3379	3.187	0.001441	0.521147405	6059	2529	254	0.685252205	0.286021262	0.028726532	0.171737164
rs16843241_A	0.099426604	98	2	241679763	A	ADD	8842	0.3614	3.848	0.00012	0.322169878	5080	3273	489	0.574530649	0.370165121	0.05530423	0.24038679
rs11184316_T	-0.099108609	100	1	105172404	T	ADD	8793	-0.3679	-3.254	0.001141	0.509876215	6407	2199	187	0.728647788	0.250085295	0.021266917	0.146309564
rs10931393_A	-0.098896425	88	2	189662205	A	ADD	8842	-0.3892	-3.165	0.001557	0.521147405	6933	1767	142	0.78409862	0.199841665	0.016059715	0.115980547
rs12749135_T	0.098876662	100	1	22426065	T	ADD	8842	0.3548	3.319	0.0009061	0.477282691	6151	2442	249	0.695657091	0.276181859	0.02816105	0.166251979
rs301377_G	0.09709984	94	6	25624724	G	ADD	8842	0.7086	4.416	0.00001016	0.123377019	7736	1061	45	0.874915178	0.119995476	0.005089346	0.065087084
rs2841019_C	0.095752717	100	10	90852413	C	ADD	8842	0.3887	3.211	0.001326	0.51734381	6833	1864	145	0.772788962	0.210812033	0.016399005	0.121805021
rs6927955_T	-0.095550644	100	6	119905998	T	ADD	8842	-1.434	-3.582	0.0003427	0.376669324	8666	175	1	0.980095001	0.019791902	0.000113097	0.010009048
rs10091131_C	0.095388181	95	8	125495127	C	ADD	8788	0.2888	3.615	0.0003022	0.37154838	2444	4367	1977	0.278106509	0.496927629	0.224965863	0.473429677
rs16841722_C	-0.094985625	100	2	157986459	C	ADD	8841	-0.4915	-3.175	0.001504	0.521147405	7636	1156	49	0.863703201	0.13075444	0.005542359	0.070919579
rs17218390_C	-0.094291414	97	5	66316182	C	ADD	8842	-0.3559	-3.624	0.0002913	0.37154838	5564	2893	385	0.629269396	0.327188419	0.043542185	0.207136394
rs2071050_T	0.09416295	100	21	36788398	T	ADD	8842	0.3068	3.399	0.0006788	0.429834506	4820	3398	624	0.545125537	0.384302194	0.070572269	0.262723366
rs11962972_C	0.093930484	100	6	106420939	C	ADD	8839	0.3186	3.577	0.0003493	0.376669324	4694	3469	676	0.531055549	0.392465211	0.07647924	0.272711845
rs11082650_A	-0.093879843	100	18	43903626	A	ADD	8774	-0.3593	-3.252	0.001151	0.509876215	6290	2266	218	0.716890814	0.25826305	0.024846136	0.153977661
rs4260684_T	0.093656552	100	5	31273545	T	ADD	8842	0.3823	3.336	0.0008543	0.470958421	6505	2165	172	0.735693282	0.244854105	0.019452613	0.141879665
rs201784_T	-0.093604843	100	13	49895764	T	ADD	8840	0.332	3.193	0.001414	0.521147405	5996	2555	289	0.678280543	0.289027149	0.032692308	0.177205882
rs7972091_T	0.092632314	100	12	64414914	T	ADD	8842	0.3286	3.432	0.000601	0.416598461	5388	3010	444	0.609364397	0.340420719	0.050214884	0.220425243
rs2269635_A	-0.092459492	100	22	24598413	A	ADD	8842	-0.2642	-3.245	0.001177	0.512649143	3435	4090	1317	0.388486768	0.462565031	0.148948202	0.380230717
rs1495052_G	0.092339919	100	3	165881821	G	ADD	8842	0.2503	3.161	0.001575	0.521614545	2345	4352	2145	0.265211491	0.492196336	0.242592174	0.488690342
rs6921309_A	-0.091921572	86	6	18726714	A	ADD	8812	-0.372	-3.794	0.000149	0.336181085	5623	2791	398	0.638107127	0.31672719	0.045165683	0.203529278
rs1032075_A	-0.091715089	100	2	20454604	A	ADD	8842	-0.2993	-3.527	0.0004218	0.381195269	3871	3991	980	0.437796879	0.451368469	0.110834653	0.336518887
rs10859569_T	0.091410895	100	12	92655442	T	ADD	8842	0.2709	3.295	0.0009867	0.489038644	3106	4347	1389	0.351277991	0.491630853	0.157091156	0.402906582
rs11073443_A	-0.090941342	95	15	93985931	A	ADD	8840	-0.4832	-3.414	0.0006427	0.42597594	7395	1372	73	0.836538462	0.15520362	0.008257919	0.085859729
rs12455718_C	-0.090894325	81	18	19023995	C	ADD	8842	-0.369	-3.938	0.00008263	0.305312981	5224	3117	501	0.590816557	0.352522054	0.056661389	0.232922416
rs1565124_A	-0.090846024	72	8	41737370	A	ADD	8842	-0.4837	-3.883	0.0001039	0.322169878	6899	1827	116	0.780253336	0.20662746	0.013119204	0.116432934
rs6889984_A	-0.090246216	100	5	59201180	A	ADD	8839	-0.3934	-3.258	0.001124	0.509876215	6814	1879	146	0.770901686	0.212580609	0.016517706	0.12280801
rs2928608_C	0.089784664	100	8	6626434	C	ADD	8841	0.3028	3.401	0.000675	0.429834506	4484	3666	691	0.507182445	0.414658975	0.078158579	0.285488067
rs981829_C	-0.089059657	100	3	29294046	C	ADD	8842	-0.9735	-3.496	0.0004746	0.388050003	8466	375	1	0.957475684	0.042411219	0.000113097	0.021318706
rs1424236_C	0.089013134	75	16	78234668	C	ADD	8842	0.2917	3.319	0.0009069	0.477282691	4443	3655	744	0.502488125	0.413368016	0.084143859	0.290827867
rs4700665_C	0.088960639	99	5	64464325	C	ADD	8842	0.2679	3.161	0.001577	0.521749893	3980	3897	965	0.450124406	0.44073739	0.109138204	0.329506899
rs17647719_G	-0.088559994	100	15	49355496	G	ADD	8842	-0.3242	-3.479	0.0005054	0.394539307	5059	3268	515	0.572155621	0.369599638	0.058244741	0.24304456
rs17036497_T	-0.088400655	100	4	107146805	T	ADD	8842	-0.3101	-3.184	0.001459	0.521147405	5435	3009	398	0.614679937	0.340307623	0.045012441	0.215166252
rs13133886_A	-0.088126212	80	4	15644893	A	ADD	8842	-0.2962	-3.714	0.0002049	0.358853125	2268	4420	2154	0.256503054	0.499886903	0.243610043	0.493553495
rs4889448_C	0.08773792	100	16	80543096	C	ADD	8837	0.3024	3.19	0.00143	0.521147405	5235	3136	466	0.592395609	0.354871563	0.052732828	0.230168609
rs2225137_T	-0.087099581	100	6	147065343	T	ADD	8733	-0.3565	-3.497	0.0004735	0.388050003	5627	2793	313	0.64433757	0.319821367	0.035841063	0.195751746
rs1492819_C	-0.087084574	91	4	145838863	C	ADD	8842	0.2756	3.434	0.0005967	0.416598461	2696	4378	1768	0.304908392	0.495136847	0.199954761	0.447523185
rs1363373_T	-0.087070514	96	5	62785403	T	ADD	8812	-0.2676	-3.248	0.001165	0.511094588	2923	4428	1461	0.331706764	0.502496596	0.165796641	0.417044939
rs6748817_A	-0.08693573	100	2	204967097	A	ADD	8842	-0.4597	-3.466	0.0005312	0.402230038	7200	1542	100	0.814295408	0.174394933	0.011309658	0.098507125
rs4766772_C	-0.08688705	100	12	114623871	C	ADD	8842	-0.3986	-3.17	0.001531	0.521147405	6955	1772	115	0.786586745	0.200407148	0.013006107	0.113209681
rs2010062_G	-0.086722668	100	1	22423545	G	ADD	8842	-0.3848	-3.827	0.0001307	0.322169878	5676	2833	333	0.641936214	0.320402624	0.037661163	0.197862475
rs1440620_C	0.086443604	100	1	212327973	C	ADD	8667	0.2926	3.425	0.0006184	0.421939227	3684	3982	1001	0.425060575	0.459443868	0.115495558	0.345217492
rs2371358_C	0.085801938	100	3	64453173	C	ADD	8606	0.2988	3.328	0.0008781	0.475875047	4431	3494	681	0.514873344	0.405995817	0.079130839	0.282128747
rs12684404_C	0.085369729	100	9	96825750	C	ADD	8842	0.3331	3.17	0.001532	0.521147405	6026	2547	269	0.681520018	0.288057001	0.030422981	0.174451482
rs4759017_C	0.08486492	100	12	54977867	C	ADD	8842	0.3035	3.381	0.0007263	0.438913733	4656	3537	649	0.526577697	0.400022619	0.073399683	0.273410993
rs4952404_T	-0.08476245	100	2	40414134	T	ADD	8841	-0.2961	-3.548	0.0003909	0.376669324	3671	4060	1110	0.415224522	0.45922407	0.125551408	0.355163443
rs10488291_T	0.084560673	100	7	119833291	T	ADD	8840	0.2561	3.207	0.001344	0.518694998	2703	4333	1804	0.305769231	0.490158371	0.204072398	0.449151584
rs9584486_T	-0.084547364	98	13	96517996	T	ADD	8842	-0.3063	-3.331	0.0008677	0.47336861	5040	3244	558	0.570006786	0.36688532	0.063107894	0.246550554
rs12173582_T	-0.084327186	75	6	35448278	T	ADD	8842	-0.3285	-3.763	0.0001687	0.343552835	4342	3718	782	0.49106537	0.420493101	0.088441529	0.29868808
rs11191688_G	0.084266263	99	10	105182560	G	ADD	8842	0.2773	3.2	0.001378	0.518694998	4215	3799	828	0.476702104	0.429653924	0.093643972	0.308470934
rs7068441_C	0.084056327	100	10	14274358	C	ADD	8799	0.3787	3.856	0.0001161	0.322169878	5495	2916	388	0.624502784	0.331401296	0.04409592	0.209796568
rs17479_C	0.083860361	100	5	5595927	C	ADD	8838	0.2707	3.264	0.001104	0.506212418	3421	4199	1218	0.387078525	0.47510749	0.137813985	0.37536773
rs2821309_C	0.083797294	100	1	198313489	C	ADD	8842	0.2561	3.198	0.001387	0.518694998	2400	4437	2005	0.271431803	0.501809545	0.226758652	0.477663425
rs1373238_G	-0.083728168	77	4	83200964	G	ADD	8841	-0.3068	-3.701	0.0002158	0.358853125	3382	4226	1233	0.382535912	0.478000226	0.139463862	0.378463975
rs1787294_G	0.082793132	100	18	45725502	G	ADD	8842	0.2794	3.232	0.001236	0.514301073	4344	3677	821	0.491291563	0.415856141	0.092852296	0.300780366
rs6580591_G	0.081379937	100	5	148384083	G	ADD	8842	0.2948	3.391	0.0007006	0.434228966	4276	3761	805	0.483600995	0.425356254	0.091042751	0.303720878
rs6596147_T	0.081311918	100	5	133075674	T	ADD	8842	0.5637	3.739	0.0001857	0.356890556	7505	1299	38	0.848789867	0.146912463	0.00429767	0.077753902
rs1133182_C	0.081286892	100	2	55255729	C	ADD	8842	0.2898	3.61	0.0003081	0.37154838	2487	4443	1912	0.281271206	0.502488125	0.21624067	0.467484732
rs1854269_A	0.080956563	96	6	97340749	A	ADD	8841	0.2922	3.367	0.0007618	0.448425296	4326	3706	809	0.489311164	0.41918335	0.091505486	0.301097161
rs9371807_T	0.079955353	99	6	154801721	T	ADD	8842	0.3017	3.288	0.001012	0.489152189	4961	3316	565	0.561072156	0.375028274	0.06389957	0.251413707
rs7831955_A	0.079939891	100	8	37223607	A	ADD	8842	0.3118	3.9	0.00009709	0.322169878	2931	4262	1649	0.331486089	0.482017643	0.186496268	0.427505089
rs953006_A	0.079494628	100	2	13083820	A	ADD	8842	0.5957	3.588	0.0003346	0.376669324	7780	1031	31	0.879891427	0.116602579	0.003505994	0.061807283
rs17824866_C	-0.079070228	100	3	7079822	C	ADD	8838	-0.353	-3.224	0.001268	0.514301073	6268	2351	219	0.709210229	0.26601041	0.024779362	0.157784567
rs1570846_A	-0.079047651	98	10	43776486	A	ADD	8831	-0.2761	-3.516	0.0004398	0.381213612	2725	4198	1908	0.308572076	0.475370853	0.216057072	0.453742498
rs4817806_C	-0.078898569	73	21	36831707	C	ADD	8842	-0.283	-3.554	0.0003813	0.376669324	2560	4361	1921	0.289527256	0.493214205	0.217258539	0.463865641
rs9890602_T	0.078429954	100	17	27904495	T	ADD	8842	0.9035	3.227	0.001256	0.514301073	8480	358	4	0.959059036	0.040488577	0.000452386	0.020696675
rs7084791_A	0.07829131	99	10	93351309	A	ADD	8839	0.3651	3.396	0.0006869	0.432463797	6098	2511	230	0.689897047	0.28408191	0.026021043	0.168061998
rs16863671_G	-0.078215628	100	2	222942248	G	ADD	8842	-0.3315	-3.231	0.001239	0.514301073	5998	2524	320	0.678353314	0.285455779	0.036190907	0.178918797
rs1944573_A	-0.077429561	100	18	43981888	A	ADD	8842	-0.2558	-3.206	0.001352	0.518694998	2540	4382	1920	0.287265325	0.495589233	0.217145442	0.464940059
rs9263597_G	0.076818593	96	6	31179526	G	ADD	8841	0.3142	3.94	0.00008214	0.305312981	2587	4367	1887	0.292613958	0.493948648	0.213437394	0.460411718
rs4412192_G	0.076810124	86	6	26398356	G	ADD	8842	0.4931	3.819	0.0001349	0.322169878	7034	1712	96	0.795521375	0.193621353	0.010857272	0.107667948
rs7923418_T	0.076294041	100	10	63900165	T	ADD	8842	0.3404	3.305	0.0009549	0.484651661	5779	2778	285	0.653585162	0.314182312	0.032232527	0.189323682
rs2830544_C	-0.075667409	99	21	27105880	C	ADD	8842	-0.3757	-3.619	0.0002968	0.37154838	5880	2684	278	0.665007917	0.303551233	0.03144085	0.183216467
rs713708_A	0.075585344	100	22	33742768	A	ADD	8801	0.3123	3.558	0.0003752	0.376669324	4586	3475	740	0.52107715	0.394841495	0.084081354	0.281502102
rs2395351_T	0.075513837	100	6	33208405	T	ADD	8842	0.4735	4.497	0.000006972	0.103905617	5989	2594	259	0.677335444	0.29337254	0.029292015	0.175978285
rs2459602_A	0.075072804	99	6	1209403	A	ADD	8813	0.2658	3.324	0.0008894	0.477282691	2839	4266	1708	0.322137751	0.484057642	0.193804607	0.435833428
rs4884875_C	-0.074411495	87	13	69516314	C	ADD	8842	-0.2934	-3.411	0.0006504	0.42597594	4284	3709	849	0.484505768	0.419475232	0.096019	0.305756616
rs4680295_G	-0.074394501	100	3	157841181	G	ADD	8834	-0.5177	-3.684	0.0002312	0.358853125	7353	1409	72	0.832352275	0.159497396	0.008150328	0.087899026
rs9957211_C	0.074265	100	18	11208667	C	ADD	8841	0.2582	3.235	0.001221	0.513904637	2473	4398	1970	0.279719489	0.497455039	0.222825472	0.471552992
rs6703187_A	-0.074251003	91	1	145165530	A	ADD	8839	-0.3003	-3.549	0.0003884	0.376669324	4037	3841	961	0.456725874	0.43455142	0.108722706	0.325998416
rs319079_T	-0.074179523	99	6	107870634	T	ADD	8841	-0.2841	-3.462	0.0005385	0.402697867	3180	4294	1367	0.359687818	0.485691664	0.154620518	0.39746635
rs1939593_A	-0.074053106	100	11	81956088	A	ADD	8842	-0.3609	-3.538	0.0004057	0.378576712	5859	2666	317	0.662632888	0.301515494	0.035851617	0.186609364
rs792965_A	-0.073895938	100	5	172207869	A	ADD	8840	-0.626	-3.407	0.00066	0.42597594	8004	809	27	0.905429864	0.091515837	0.003054299	0.048812217
rs1575195_C	0.073676384	100	6	82269878	C	ADD	8841	0.7327	3.835	0.0001263	0.322169878	8058	763	20	0.911435358	0.086302454	0.002262188	0.045413415
rs1092362_G	-0.072725606	100	15	60529442	G	ADD	8826	-1.016	-3.195	0.001402	0.51999609	8564	254	8	0.970314978	0.028778609	0.000906413	0.015295717
rs13210323_A	0.072709801	90	6	35113062	A	ADD	8842	0.3086	3.818	0.0001356	0.322169878	2851	4369	1622	0.322438362	0.494118978	0.18344266	0.430502149
rs1511170_C	0.072489657	100	4	152920560	C	ADD	8842	0.2691	3.36	0.0007839	0.454096927	2331	4451	2060	0.263628138	0.503392898	0.232978964	0.484675413
rs2292804_C	-0.071646197	79	4	15646182	C	ADD	8842	-0.2943	-3.696	0.0002206	0.358853125	2290	4408	2144	0.258991178	0.498529744	0.242479077	0.491743949
rs12164950_A	-0.071577687	100	15	68501631	A	ADD	8842	-0.3645	-3.399	0.0006795	0.429834506	6195	2398	249	0.700633341	0.27120561	0.02816105	0.163763854
rs10487475_A	-0.07133988	100	7	126706828	A	ADD	8842	-0.7286	-3.219	0.001289	0.516190259	8290	541	11	0.937570685	0.061185252	0.001244062	0.031836689
rs793495_G	-0.069976653	72	3	100990624	G	ADD	8842	-0.3944	-3.395	0.0006902	0.432690735	6618	2055	169	0.748473196	0.232413481	0.019113323	0.135320063
rs10503223_C	-0.069810206	100	8	3778626	C	ADD	8839	-0.5983	-3.684	0.0002312	0.358853125	7730	1074	35	0.874533318	0.121506958	0.003959724	0.064713203
rs4281947_G	0.069799524	95	2	1343668	G	ADD	8842	0.4839	3.163	0.001564	0.521147405	7574	1225	43	0.856593531	0.138543316	0.004863153	0.074134811
rs1736913_T	-0.068995031	87	6	29812379	T	ADD	8838	0.2889	3.215	0.001311	0.51734381	4700	3495	643	0.531794524	0.39545146	0.072754017	0.270479747
rs7174459_T	0.068489606	100	15	53995275	T	ADD	8842	0.3517	3.274	0.001065	0.496705092	6133	2473	236	0.693621353	0.279687853	0.026690794	0.166534721
rs3744977_G	0.068460351	99	18	8816083	G	ADD	8839	0.5063	3.664	0.0002498	0.358853125	7313	1447	79	0.827356036	0.163706302	0.008937663	0.090790813
rs17110818_A	-0.068454092	72	14	80121106	A	ADD	8842	-0.4073	-4.334	0.00001481	0.15174326	5261	3089	492	0.595001131	0.349355349	0.05564352	0.230321194
rs7156667_A	-0.0684277	99	14	77618067	A	ADD	8842	-0.7855	-3.317	0.0009137	0.477793694	8318	521	3	0.94073739	0.058923321	0.00033929	0.02980095
rs2069408_G	0.068129296	91	12	54650588	G	ADD	8842	-0.3336	-3.514	0.0004441	0.381213612	5251	3129	462	0.593870165	0.353879213	0.052250622	0.229190228
rs12423791_C	-0.068080602	88	12	101382958	C	ADD	8813	-0.3438	-3.707	0.0002111	0.358853125	4990	3289	534	0.566209009	0.373198684	0.060592307	0.247191649
rs765833_C	0.067920376	100	10	83870728	C	ADD	8842	0.3225	3.509	0.0004522	0.381213612	4944	3339	559	0.559149514	0.377629496	0.063220991	0.252035739
rs4470780_G	-0.067886044	100	5	163288743	G	ADD	8827	-0.288	-3.188	0.00144	0.521147405	4604	3596	627	0.521581511	0.407386428	0.071032061	0.274725275
rs1369672_A	-0.067796831	100	2	51893906	A	ADD	8835	-0.3849	-3.507	0.0004552	0.381213612	6308	2306	221	0.713978495	0.261007357	0.025014148	0.155517827
rs10225606_T	-0.067229413	91	7	46112635	T	ADD	8842	-0.3373	-3.656	0.0002581	0.358853125	5083	3213	546	0.574869939	0.363379326	0.061750735	0.243440398
rs3124768_A	0.067156585	99	9	135294318	A	ADD	8684	0.3981	3.735	0.0001891	0.356890556	6042	2371	271	0.695762322	0.273030861	0.031206817	0.167722248
rs12201626_G	-0.066526918	99	6	70936138	G	ADD	8834	-0.7598	-3.222	0.001276	0.515862727	8335	487	12	0.943513697	0.055127915	0.001358388	0.028922345
rs9472487_T	0.065760473	90	6	45479344	T	ADD	8840	0.262	3.308	0.0009425	0.4830989	2352	4351	2137	0.266063348	0.49219457	0.241742081	0.487839367
rs2371454_T	0.065748695	84	12	54933510	T	ADD	8842	0.7367	3.697	0.0002196	0.358853125	8124	701	17	0.918796652	0.079280706	0.001922642	0.041562995
rs10233251_G	0.065300765	89	7	46178058	G	ADD	8842	0.3538	3.362	0.0007771	0.452905958	6065	2506	271	0.685930785	0.283420041	0.030649174	0.172359195
rs9644673_T	-0.064752206	99	8	8877351	T	ADD	8815	-0.3218	-3.386	0.0007115	0.434537248	5166	3189	460	0.586046512	0.361769711	0.052183778	0.233068633
rs2677101_C	-0.064631234	88	6	45506135	C	ADD	8840	-0.2884	-3.639	0.0002749	0.366390296	2589	4315	1936	0.292873303	0.488122172	0.219004525	0.463065611
rs4238670_C	-0.064058246	100	16	19056189	C	ADD	8842	-0.3296	-3.193	0.001412	0.521147405	5916	2630	296	0.669079394	0.297444017	0.033476589	0.182198598
rs17486871_A	-0.063798469	97	4	185312442	A	ADD	8842	-0.5753	-3.295	0.0009878	0.489038644	7900	913	29	0.893463017	0.103257182	0.003279801	0.054908392
rs12041887_G	0.063668018	100	1	4902030	G	ADD	8842	0.3932	3.18	0.001479	0.521147405	6871	1850	121	0.777086632	0.209228681	0.013684687	0.118299027
rs9923657_T	0.063500782	75	16	17121806	T	ADD	8836	-0.2696	-3.269	0.001085	0.501750522	3376	4197	1263	0.382073336	0.474988683	0.142937981	0.380432322
rs11898241_T	0.062816374	77	2	115847507	T	ADD	8842	0.2878	3.233	0.00123	0.514301073	4727	3438	677	0.534607555	0.388826057	0.076566388	0.270979416
rs6928974_T	0.062267809	88	6	97334413	T	ADD	8842	0.2805	3.295	0.0009889	0.489038644	4108	3814	920	0.464600769	0.431350373	0.104048858	0.319724044
rs6460356_C	0.06147934	93	7	66601168	C	ADD	8842	0.261	3.157	0.001597	0.524071129	3515	4123	1204	0.397534494	0.466297218	0.136168288	0.369316897
rs2237236_G	0.061353597	98	6	26559532	G	ADD	8842	0.2792	3.3	0.0009693	0.486902434	4084	3804	954	0.461886451	0.430219407	0.107894142	0.323003845
rs3755652_T	0.061301489	85	3	27447940	T	ADD	8842	0.7105	3.683	0.0002321	0.358853125	8060	767	15	0.911558471	0.08674508	0.001696449	0.045068989
rs613050_A	-0.061052657	85	11	56047485	A	ADD	8842	-0.378	-3.213	0.001319	0.51734381	6698	1981	163	0.757520923	0.224044334	0.018434743	0.13045691
rs11220658_A	-0.060780965	100	11	98994224	A	ADD	8824	-0.3189	-3.269	0.001084	0.501750522	5463	2963	398	0.619106981	0.335788758	0.045104261	0.21299864
rs10495789_G	-0.060090117	99	2	33572613	G	ADD	8840	-0.4282	-3.448	0.0005664	0.41326284	6873	1851	116	0.777488688	0.20938914	0.013122172	0.117816742
rs11026460_A	0.059777685	92	11	22178229	A	ADD	8827	0.3443	3.253	0.001146	0.509876215	5896	2690	241	0.667950606	0.3047468	0.027302594	0.179675994
rs10765455_T	-0.05900304	99	11	90614434	T	ADD	8833	-0.2743	-3.168	0.00154	0.521147405	4259	3747	827	0.482169138	0.424204687	0.093626175	0.305728518
rs7134372_G	0.058723443	98	12	108575967	G	ADD	8841	0.5067	3.236	0.001218	0.513904637	7674	1118	49	0.868001357	0.126456283	0.005542359	0.068770501
rs2835399_A	-0.058689193	90	21	36890764	A	ADD	8842	-0.2897	-3.615	0.000302	0.37154838	2858	4306	1678	0.323230038	0.486993893	0.189776069	0.433273015
rs3130955_A	-0.058542306	98	6	31162490	A	ADD	8842	-0.2871	-3.408	0.0006568	0.42597594	3837	3984	1021	0.433951595	0.450576793	0.115471613	0.340760009
rs11255267_A	0.058434704	98	10	7737510	A	ADD	8839	0.382	3.263	0.001107	0.506212418	6661	2013	165	0.753592035	0.227740695	0.01866727	0.132537617
rs1155218_G	0.057912449	89	17	47602137	G	ADD	8842	0.3074	3.768	0.0001655	0.343435544	3219	4236	1387	0.364057905	0.479077132	0.156864963	0.396403529
rs928565_G	-0.057851496	100	10	44152890	G	ADD	8842	-0.2617	-3.162	0.001571	0.521147405	3432	4183	1227	0.388147478	0.473083013	0.138769509	0.375311016
rs16941006_T	-0.057550378	100	16	84964210	T	ADD	8840	-0.3016	-3.318	0.000911	0.477718932	4892	3350	598	0.553393665	0.378959276	0.067647059	0.257126697
rs6426721_A	0.057486776	98	1	21845067	A	ADD	8842	0.284	3.544	0.0003962	0.378576712	2676	4375	1791	0.30264646	0.494797557	0.202555983	0.449954761
rs2303658_A	0.057409925	98	12	20169697	A	ADD	8842	0.3572	3.771	0.0001636	0.342699332	5096	3282	464	0.576340195	0.37118299	0.052476815	0.23806831
rs2461226_G	0.057132718	99	10	123823095	G	ADD	8841	0.2587	3.192	0.001419	0.521147405	2880	4372	1589	0.325755005	0.494514195	0.1797308	0.426987897
rs7969076_T	0.057051201	83	12	92620173	T	ADD	8841	0.3002	3.49	0.0004855	0.38952793	3975	3970	896	0.449609773	0.449044226	0.101346002	0.325868114
rs2934467_A	0.056985538	99	16	83528924	A	ADD	8842	0.2671	3.181	0.001475	0.521147405	3806	3991	1045	0.430445601	0.451368469	0.118185931	0.343870165
rs7741807_C	-0.056651396	90	6	29788636	C	ADD	8842	0.3408	3.166	0.001551	0.521147405	6184	2419	239	0.699389278	0.273580638	0.027030084	0.163820403
rs2413298_C	0.056526311	96	22	33832640	C	ADD	8842	0.3787	3.335	0.0008561	0.470958421	6503	2151	188	0.735467089	0.243270753	0.021262158	0.142897534
rs4871566_A	-0.056013027	95	8	125968509	A	ADD	8842	-0.4292	-3.475	0.000514	0.398407111	6897	1817	128	0.780027143	0.205496494	0.014476363	0.11722461
rs2640017_G	0.055625153	97	3	142817811	G	ADD	8830	0.3148	3.541	0.0004014	0.378576712	4510	3626	694	0.510758777	0.410645527	0.078595696	0.28391846
rs11104349_T	-0.055348911	74	12	76151576	T	ADD	8842	-0.3273	-3.28	0.001041	0.496097023	5683	2805	354	0.64272789	0.317235919	0.040036191	0.198654151
rs41424052_C	-0.055209379	99	6	29117982	C	ADD	8842	-0.8214	-3.212	0.001321	0.51734381	8398	441	3	0.949785116	0.049875594	0.00033929	0.025277087
rs10766928_G	0.055200245	73	11	22206188	G	ADD	8782	0.2811	3.222	0.001278	0.516034995	4163	3808	811	0.474037805	0.433614211	0.092347985	0.30915509
rs10769682_A	-0.05489561	98	11	6268453	A	ADD	8842	-0.2655	-3.186	0.001449	0.521147405	3385	4253	1204	0.382831938	0.480999774	0.136168288	0.376668175
rs12442675_A	-0.054885327	92	15	60133348	A	ADD	8842	-0.2828	-3.407	0.0006606	0.42597594	3773	3960	1109	0.426713413	0.447862475	0.125424112	0.349355349
rs492560_C	-0.054376947	100	13	109717977	C	ADD	8838	-0.7235	-3.445	0.0005735	0.41326284	8210	609	19	0.9289432	0.068906993	0.002149808	0.036603304
rs1909397_A	-0.054023872	96	3	7114094	A	ADD	8806	-0.2526	-3.225	0.001265	0.514301073	2612	4185	2009	0.296615944	0.475244152	0.228139905	0.46576198
rs1078793_A	-0.054015478	98	7	45133166	A	ADD	8842	-1.019	-3.203	0.001363	0.518694998	8561	279	2	0.96821986	0.031553947	0.000226193	0.016003167
rs2949904_A	0.053867893	100	13	84234967	A	ADD	8837	0.2556	3.199	0.001385	0.518694998	2319	4429	2089	0.262419373	0.501188186	0.236392441	0.486986534
rs3807030_T	-0.053864784	78	6	30141669	T	ADD	8842	-0.6025	-3.616	0.0003006	0.37154838	7793	1017	32	0.881361683	0.115019226	0.003619091	0.061128704
rs2365676_A	-0.053658649	97	14	77733706	A	ADD	8806	-0.4342	-3.19	0.001428	0.521147405	7184	1548	74	0.815807404	0.175789235	0.008403361	0.096297979
rs17163631_A	0.053085237	100	7	142100995	A	ADD	8824	0.3391	3.267	0.00109	0.502399371	5990	2539	295	0.678830462	0.287737987	0.03343155	0.177300544
rs1454731_T	0.053001896	99	18	48334365	T	ADD	8837	0.2598	3.207	0.001344	0.518694998	3074	4269	1494	0.347855607	0.483082494	0.169061899	0.410603146
rs806768_A	-0.052563758	99	20	17762600	A	ADD	8842	-0.2769	-3.459	0.0005441	0.402697867	2591	4392	1859	0.29303325	0.496720199	0.210246551	0.45860665
rs10044452_T	-0.052244979	84	5	66338361	T	ADD	8842	-0.3524	-3.446	0.0005709	0.41326284	5826	2709	307	0.658900701	0.306378647	0.034720651	0.187909975
rs4462551_C	0.052163074	100	15	84183232	C	ADD	8842	0.2745	3.334	0.0008593	0.471926984	3461	4136	1245	0.391427279	0.467767473	0.140805248	0.374688984
rs872937_G	-0.051251454	99	9	90042056	G	ADD	8842	-0.3558	-3.481	0.0005024	0.393133396	5879	2649	314	0.66489482	0.299592852	0.035512328	0.185308754
rs11694213_A	0.050681162	90	2	55942171	A	ADD	8842	0.4788	3.443	0.0005779	0.414611004	7303	1470	69	0.825944356	0.166251979	0.007803664	0.090929654
rs31203_T	0.050096623	96	5	134379369	T	ADD	8841	0.2588	3.211	0.001327	0.51734381	2634	4429	1778	0.297930098	0.50096143	0.201108472	0.451589187
rs6500264_G	-0.049904299	99	16	48483875	G	ADD	8790	-0.2639	-3.308	0.000943	0.4830989	2776	4259	1755	0.315813424	0.484527873	0.199658703	0.441922639
rs9934863_C	0.04961129	83	16	17121978	C	ADD	8842	-0.2685	-3.259	0.001123	0.509876215	3373	4198	1271	0.381474779	0.474779462	0.143745759	0.38113549
rs10496052_T	0.049316106	91	2	55863977	T	ADD	8842	0.3702	3.862	0.0001133	0.322169878	5319	3087	436	0.601560733	0.349129156	0.049310111	0.223874689
rs1039024_T	0.049001523	100	3	165880917	T	ADD	8841	0.4025	3.302	0.0009621	0.485301002	6872	1826	143	0.777287637	0.206537722	0.016174641	0.119443502
rs2823389_G	-0.048881778	100	21	15914811	G	ADD	8821	-0.3702	-3.18	0.001478	0.521147405	6604	2051	166	0.748667951	0.23251332	0.018818728	0.135075388
rs943935_T	0.048849107	96	9	38140167	T	ADD	8840	0.4671	3.227	0.001254	0.514301073	7413	1372	55	0.838574661	0.15520362	0.006221719	0.083823529
rs9397719_T	0.048334719	88	6	154797305	T	ADD	8842	0.2645	3.217	0.001302	0.516190259	3336	4211	1295	0.377290206	0.476249717	0.146460077	0.384584936
rs12425639_T	-0.048065678	77	12	101004553	T	ADD	8840	-0.317	-3.484	0.0004959	0.391787289	4888	3358	594	0.552941176	0.379864253	0.06719457	0.257126697
rs9659234_C	-0.048040957	99	1	166449067	C	ADD	8841	-0.2883	-3.462	0.0005385	0.402697867	3622	4085	1134	0.409682163	0.462051804	0.128266033	0.359291935
rs17498452_G	-0.048026972	88	12	115023237	G	ADD	8842	-0.389	-3.499	0.0004685	0.386921995	6421	2208	213	0.726193169	0.249717259	0.024089572	0.148948202
rs12547543_G	-0.047940633	97	8	56036583	G	ADD	8842	-0.457	-3.285	0.001023	0.49108793	7344	1419	79	0.830581316	0.160484053	0.00893463	0.089176657
rs11149298_G	0.04766295	96	13	83914490	G	ADD	8837	0.2828	3.229	0.001247	0.514301073	4433	3644	760	0.501640828	0.412357135	0.086002037	0.292180604
rs7520661_G	-0.047645989	76	1	145259773	G	ADD	8842	-0.3611	-3.892	0.0001001	0.322169878	5116	3197	529	0.578602126	0.361569781	0.059828093	0.240612983
rs4712535_A	-0.047014897	98	6	10407909	A	ADD	8842	-0.5918	-3.249	0.001163	0.511094588	7995	818	29	0.904207193	0.092513006	0.003279801	0.049536304
rs2798659_G	0.046555281	97	1	115157486	G	ADD	8826	0.3517	3.166	0.001552	0.521147405	6385	2230	211	0.723430773	0.252662588	0.023906639	0.150237933
rs1487959_T	0.046443215	91	2	232696714	T	ADD	8836	0.2982	3.299	0.0009727	0.486902434	4718	3496	622	0.533952014	0.395654142	0.070393843	0.268220914
rs12174525_T	-0.046093357	63	6	18755886	T	ADD	8842	-0.3614	-3.597	0.0003233	0.372882999	5783	2713	346	0.654037548	0.306831034	0.039131418	0.192546935
rs701288_C	0.045839711	84	7	83380795	C	ADD	8839	0.2602	3.227	0.001256	0.514301073	2314	4504	2021	0.261794321	0.509559905	0.228645774	0.483425727
rs11015896_C	-0.044505932	97	10	27928567	C	ADD	8840	-0.3777	-3.306	0.0009493	0.484651661	6520	2139	181	0.737556561	0.241968326	0.020475113	0.141459276
rs1414176_G	0.044314175	90	13	87290745	G	ADD	8842	0.5856	3.193	0.001413	0.521147405	7967	858	17	0.901040489	0.097036869	0.001922642	0.050441077
rs744051_C	0.043717065	73	12	54953565	C	ADD	8842	0.7059	3.605	0.0003135	0.372882999	8100	723	19	0.916082334	0.081768831	0.002148835	0.04303325
rs10948197_C	-0.043151595	81	6	45075468	C	ADD	8842	-0.3265	-3.869	0.0001102	0.322169878	3881	3959	1002	0.438927844	0.447749378	0.113322778	0.337197467
rs10906496_A	-0.043108202	97	10	13894624	A	ADD	8841	-0.2722	-3.211	0.001329	0.517508181	3935	3934	972	0.445085398	0.444972288	0.109942314	0.332428458
rs2131205_G	0.042962102	74	3	27403505	G	ADD	8842	0.6892	3.625	0.0002903	0.37154838	8046	777	19	0.909975119	0.087876046	0.002148835	0.046086858
rs515791_A	-0.042836863	68	8	41730902	A	ADD	8842	-0.5342	-4.273	0.00001946	0.167378656	6920	1807	115	0.782628365	0.204365528	0.013006107	0.115188871
rs1730127_C	-0.042610172	90	2	96986135	C	ADD	8841	-0.2985	-3.72	0.0002006	0.358853125	3016	4241	1584	0.34113788	0.479696867	0.179165253	0.419013686
rs2893849_G	0.042303231	77	6	26562433	G	ADD	8810	0.5334	3.17	0.001528	0.521147405	7776	1005	29	0.882633371	0.114074915	0.003291714	0.060329171
rs11787667_C	-0.042182719	63	9	116282666	C	ADD	8842	-0.3064	-3.852	0.0001178	0.322169878	2535	4358	1949	0.286699842	0.492874915	0.220425243	0.466862701
rs4843406_C	-0.041834566	93	16	85186449	C	ADD	8842	-0.2871	-3.549	0.0003884	0.376669324	2840	4378	1624	0.3211943	0.495136847	0.183668853	0.431237277
rs10023113_G	-0.041809449	97	4	114766153	G	ADD	8842	-0.4575	-3.601	0.0003192	0.372882999	6956	1785	101	0.786699842	0.201877403	0.011422755	0.112361457
rs584438_A	-0.039441725	55	17	35852698	A	ADD	8841	-0.2866	-3.536	0.0004076	0.378576712	2608	4474	1759	0.294989255	0.506051352	0.198959394	0.45198507
rs10206020_C	-0.039419062	90	2	1536934	C	ADD	8666	-0.3497	-3.441	0.0005815	0.414829357	5747	2574	345	0.663166397	0.297022848	0.039810755	0.188322179
rs580428_T	-0.038812962	91	18	10013675	T	ADD	8842	-0.3198	-3.207	0.001347	0.518694998	5675	2813	354	0.641823117	0.318140692	0.040036191	0.199106537
rs136109_T	0.037946926	100	22	45747332	T	ADD	8839	0.3578	3.716	0.0002037	0.358853125	5287	3129	423	0.598144586	0.353999321	0.047856092	0.224855753
rs871130_T	0.037367813	85	12	54935044	T	ADD	8842	0.7367	3.697	0.0002196	0.358853125	8124	701	17	0.918796652	0.079280706	0.001922642	0.041562995
rs7750226_C	0.037138956	82	6	107799545	C	ADD	8616	0.2974	3.674	0.00024	0.358853125	2379	4295	1942	0.276114206	0.498491179	0.225394615	0.474640204
rs4891196_C	0.037002892	97	18	72577717	C	ADD	8840	0.3154	3.165	0.001555	0.521147405	5653	2831	356	0.639479638	0.320248869	0.040271493	0.200395928
rs4928057_A	-0.036582329	96	3	102093526	A	ADD	8842	-0.2634	-3.274	0.001065	0.496705092	2877	4324	1641	0.325378874	0.489029631	0.185591495	0.430106311
rs701297_G	0.036538271	85	7	83384737	G	ADD	8802	0.2597	3.218	0.001296	0.516190259	2755	4351	1696	0.312997046	0.494319473	0.192683481	0.439843217
rs10937714_C	-0.036427868	72	4	6329948	C	ADD	8842	-0.9027	-3.297	0.0009822	0.489038644	8472	363	7	0.958154264	0.04105406	0.000791676	0.021318706
rs17710556_G	-0.036297244	72	3	163987361	G	ADD	8841	-0.5491	-3.461	0.0005414	0.402697867	7718	1073	50	0.87297817	0.121366361	0.005655469	0.066338649
rs17172622_T	-0.035316072	88	7	46033311	T	ADD	8827	-0.4962	-3.253	0.001144	0.509876215	7564	1216	47	0.85691628	0.137759148	0.005324572	0.074204146
rs1541987_C	-0.034881974	83	6	26058376	C	ADD	8842	0.352	3.641	0.0002731	0.365476911	5364	3063	415	0.606650079	0.346414838	0.046935083	0.220142502
rs17460533_G	-0.03335891	92	1	80081423	G	ADD	8840	-0.8453	-3.159	0.001588	0.522227418	8460	370	10	0.957013575	0.041855204	0.001131222	0.022058824
rs6545800_T	-0.03286701	79	2	24972389	T	ADD	8842	-0.2561	-3.185	0.001453	0.521147405	2766	4366	1710	0.312825153	0.493779688	0.193395159	0.440285003
rs9669679_G	-0.03263707	62	12	76136441	G	ADD	8842	-0.347	-3.516	0.0004404	0.381213612	5592	2876	374	0.6324361	0.325265777	0.042298123	0.204931011
rs3737126_C	-0.031537685	72	9	113195632	C	ADD	8842	-0.3251	-3.23	0.001241	0.514301073	5831	2664	347	0.659466184	0.301289301	0.039244515	0.189889165
rs11186629_T	0.031154197	79	10	93363079	T	ADD	8840	0.2928	3.245	0.00118	0.512649143	4815	3400	625	0.544683258	0.384615385	0.070701357	0.26300905
rs4267549_A	0.030129601	95	2	1343801	A	ADD	8842	0.4839	3.163	0.001564	0.521147405	7574	1225	43	0.856593531	0.138543316	0.004863153	0.074134811
rs4833836_C	0.029814812	80	4	123720119	C	ADD	8842	0.365	4.27	0.00001976	0.167378656	3936	3975	931	0.445148157	0.449558923	0.10529292	0.330072382
rs6543706_T	-0.029541232	85	2	33413214	T	ADD	8841	-0.369	-3.935	0.00008379	0.305312981	5135	3210	496	0.58081665	0.363081099	0.056102251	0.237642801
rs2674087_T	-0.028064548	87	9	30759833	T	ADD	8840	-0.6163	-3.323	0.0008957	0.477282691	8002	817	21	0.90520362	0.092420814	0.002375566	0.048585973
rs7559906_C	0.028012345	81	2	55986544	C	ADD	8842	0.4531	3.5	0.0004682	0.386921995	7013	1741	88	0.793146347	0.196901154	0.009952499	0.108403076
rs7048744_A	-0.027968202	89	9	100199128	A	ADD	8842	-0.606	-4.077	0.00004606	0.23944902	7519	1268	55	0.850373219	0.143406469	0.006220312	0.077923547
rs4958882_G	0.027789614	69	5	150434980	G	ADD	8841	0.3101	3.369	0.0007577	0.447619125	5023	3263	555	0.5681484	0.369075896	0.062775704	0.247313652
rs1028198_T	-0.02768876	86	4	125197184	T	ADD	8831	-0.4517	-3.668	0.0002455	0.358853125	6876	1824	131	0.778620768	0.206545125	0.014834107	0.11810667
rs789777_T	-0.027598813	84	15	34004455	T	ADD	8839	-0.3309	-3.556	0.0003783	0.376669324	5118	3200	521	0.579024777	0.362031904	0.058943319	0.239959271
rs7387254_T	-0.027351397	63	8	125968063	T	ADD	8842	-0.4245	-3.442	0.0005808	0.414829357	6896	1816	130	0.779914047	0.205383397	0.014702556	0.117394255
rs13149222_T	0.026981401	85	4	158950041	T	ADD	8840	0.3942	3.418	0.0006343	0.425294907	6542	2130	168	0.740045249	0.240950226	0.019004525	0.139479638
rs4469501_C	-0.026746845	86	8	11862365	C	ADD	8841	-0.2785	-3.425	0.0006167	0.421939227	3165	4246	1430	0.357991177	0.480262414	0.161746409	0.401877616
rs1575535_G	0.026636463	73	6	25917888	G	ADD	8842	0.2995	3.437	0.0005919	0.416598461	4369	3688	785	0.494118978	0.417100204	0.088780819	0.297330921
rs4712963_C	0.026077629	70	6	25848481	C	ADD	8842	0.3299	3.655	0.0002583	0.358853125	4805	3413	624	0.543429088	0.385998643	0.070572269	0.26357159
rs41508454_A	-0.025885586	64	9	113278459	A	ADD	8842	-0.3483	-3.456	0.0005509	0.406634959	5799	2703	340	0.655847093	0.305700068	0.038452839	0.191302873
rs4414211_T	0.025201145	51	11	22201359	T	ADD	8841	0.2753	3.172	0.001519	0.521147405	4226	3794	821	0.478000226	0.429136975	0.092862798	0.307431286
rs1583266_A	0.025178309	71	2	56054974	A	ADD	8836	0.3292	3.456	0.0005519	0.406634959	5248	3136	452	0.593933907	0.354911725	0.051154368	0.228610231
rs17038200_T	0.02454406	84	1	118684995	T	ADD	8805	0.4817	3.558	0.0003757	0.376669324	7220	1496	89	0.819988643	0.169903464	0.010107893	0.095059625
rs330972_A	-0.024535113	82	11	39127363	A	ADD	8842	-1.133	-3.641	0.0002727	0.365476911	8551	288	3	0.967088894	0.032571816	0.00033929	0.016625198
rs10046783_A	0.024419993	77	8	8772507	A	ADD	8842	-0.4342	-3.371	0.0007532	0.445763882	7019	1727	96	0.793824926	0.195317801	0.010857272	0.108516173
rs16961908_G	0.024118679	78	15	33961442	G	ADD	8842	-0.2854	-3.188	0.001439	0.521147405	4810	3379	653	0.543994571	0.382153359	0.07385207	0.264928749
rs659256_G	-0.02404717	58	8	8662451	G	ADD	8842	-0.4755	-3.839	0.0001244	0.322169878	6856	1871	115	0.775390183	0.21160371	0.013006107	0.118807962
rs914148_T	-0.024014278	67	21	36829181	T	ADD	8842	-0.2837	-3.555	0.00038	0.376669324	2510	4391	1941	0.283872427	0.496607102	0.21952047	0.467824022
rs41458745_C	0.023801403	59	6	2680392	C	ADD	8692	0.3056	3.263	0.001106	0.506212418	4843	3333	516	0.557179015	0.383456052	0.059364933	0.251092959
rs9309715_C	-0.023604183	89	2	3471325	C	ADD	8842	-0.2707	-3.375	0.0007424	0.442567587	2387	4456	1999	0.269961547	0.50395838	0.226080072	0.478059263
rs17157023_A	0.023495725	59	10	44608572	A	ADD	8842	0.9447	3.552	0.0003846	0.376669324	8457	375	10	0.956457815	0.042411219	0.001130966	0.022336575
rs17160062_C	-0.023337001	65	1	145197991	C	ADD	8842	-0.3385	-3.296	0.0009856	0.489038644	5920	2614	308	0.66953178	0.295634472	0.034833748	0.182650984
rs2292303_C	-0.023257305	52	12	101037661	C	ADD	8842	-0.3446	-3.961	0.00007516	0.305312981	4383	3668	791	0.49570233	0.414838272	0.089459398	0.296878534
rs493981_C	-0.023032102	71	8	41730951	C	ADD	8842	-0.5342	-4.273	0.00001946	0.167378656	6920	1807	115	0.782628365	0.204365528	0.013006107	0.115188871
rs10503065_A	0.022893082	77	18	57942500	A	ADD	8830	0.2575	3.209	0.001335	0.518612701	2275	4457	2098	0.257644394	0.504756512	0.237599094	0.48997735
rs6480504_A	0.022467362	86	10	72716105	A	ADD	8840	0.4093	3.17	0.001529	0.521147405	7034	1709	97	0.795701357	0.193325792	0.010972851	0.107635747
rs584828_T	-0.021566355	58	17	35852756	T	ADD	8842	-0.2836	-3.533	0.0004124	0.379815766	2549	4424	1869	0.288283194	0.50033929	0.211377516	0.461547161
rs10516877_T	-0.020999133	83	4	91866069	T	ADD	8839	-0.4721	-3.778	0.0001591	0.338730099	6901	1825	113	0.780744428	0.20647132	0.012784252	0.116019912
rs438706_A	0.020502533	60	21	36849668	A	ADD	8842	-0.2707	-3.376	0.0007387	0.441969063	3024	4235	1583	0.342004071	0.478964035	0.179031893	0.418513911
rs3873342_C	0.019618901	70	6	31065745	C	ADD	8842	0.4157	3.175	0.001504	0.521147405	7041	1721	80	0.796313051	0.194639222	0.009047727	0.106367338
rs7244739_G	-0.019255663	45	18	19001872	G	ADD	8842	-0.3831	-4.124	0.00003753	0.205083936	5105	3213	524	0.577358064	0.363379326	0.05926261	0.240952273
rs525466_G	-0.019003026	78	18	7475222	G	ADD	8842	-0.8576	-3.18	0.001477	0.521147405	8443	397	2	0.954874463	0.044899344	0.000226193	0.022675865
rs11637836_G	0.018831573	76	15	90871746	G	ADD	8842	0.2663	3.24	0.001199	0.513880429	3463	4123	1256	0.391653472	0.466297218	0.14204931	0.375197919
rs7992197_A	0.018333242	91	13	87294807	A	ADD	8842	0.5944	3.231	0.001239	0.514301073	7970	856	16	0.901379778	0.096810676	0.001809545	0.050214884
rs7661091_G	-0.018318645	80	4	138591432	G	ADD	8841	-0.3025	-3.53	0.000417	0.381195269	4240	3729	872	0.479583757	0.421784866	0.098631377	0.30952381
rs8094653_C	0.016227128	76	18	35940959	C	ADD	8839	0.3608	3.782	0.0001567	0.338730099	5333	3054	452	0.603348795	0.345514198	0.051137006	0.223894106
rs8094261_G	-0.015547609	45	18	19000726	G	ADD	8842	-0.4116	-4.127	0.00003716	0.205083936	5632	2861	349	0.636959964	0.323569328	0.039470708	0.201255372
rs2603005_G	-0.015115238	66	5	134676716	G	ADD	8837	-0.4143	-3.306	0.0009492	0.484651661	6945	1773	119	0.785900192	0.200633699	0.013466108	0.113782958
rs7861829_G	0.015087151	74	9	138259864	G	ADD	8842	0.2815	3.165	0.001555	0.521147405	4587	3566	689	0.518774033	0.40330242	0.077923547	0.279574757
rs2448185_T	0.014708656	74	8	98642450	T	ADD	8842	0.3879	3.199	0.001383	0.518694998	6797	1909	136	0.768717485	0.21590138	0.015381135	0.123331825
rs12205634_G	0.014678049	63	6	33719645	G	ADD	8842	0.4455	3.507	0.0004561	0.381213612	7022	1705	115	0.794164216	0.192829677	0.013006107	0.109420945
rs2763228_A	0.014183481	65	6	168646045	A	ADD	8841	0.2962	3.42	0.00063	0.424348504	4340	3688	813	0.490894695	0.417147382	0.091957923	0.300531614
rs2063852_G	0.013781448	72	2	228184813	G	ADD	8827	0.2727	3.253	0.001144	0.509876215	3805	3968	1054	0.431063782	0.449529852	0.119406367	0.344171293
rs6762722_G	0.012713266	60	3	142627906	G	ADD	8823	0.4767	5.201	2.03E-07	0.012655859	4847	3408	568	0.549359628	0.386263176	0.064377196	0.257508784
rs10494612_T	0.012262842	69	1	186421928	T	ADD	8835	0.2677	3.226	0.001261	0.514301073	3741	3973	1121	0.423429542	0.449688738	0.12688172	0.351726089
rs3791675_C	0.011889154	63	2	55964813	C	ADD	8841	0.4465	4.652	0.000003339	0.078197472	5295	3117	429	0.59891415	0.352561927	0.048523923	0.224804886
rs10141971_T	-0.011125854	68	14	21173435	T	ADD	8633	-0.2698	-3.305	0.0009548	0.484651661	3373	3937	1323	0.390710066	0.456040774	0.15324916	0.381269547
rs6449287_C	0.011054481	69	4	16982510	C	ADD	8835	0.2591	3.201	0.001377	0.518694998	2870	4363	1602	0.324844369	0.493831353	0.181324278	0.428239955
rs2136690_A	-0.010654452	64	3	157845936	A	ADD	8841	-0.3843	-3.515	0.0004413	0.381213612	6227	2399	215	0.704332089	0.271349395	0.024318516	0.159993213
rs4077819_C	-0.010318646	51	8	57373236	C	ADD	8842	-0.7341	-3.598	0.0003219	0.372882999	8152	676	14	0.921963357	0.076453291	0.001583352	0.039809998
rs6929846_T	0.010142957	38	6	26566244	T	ADD	8841	0.4372	3.499	0.0004701	0.387267908	6933	1789	119	0.784187309	0.202352675	0.013460016	0.114636353
rs451141_T	-0.009908088	52	5	98355295	T	ADD	8841	-0.4872	-3.288	0.001013	0.489152189	7503	1284	54	0.848659654	0.14523244	0.006107906	0.078724126
rs6869605_C	0.009818914	59	5	150433059	C	ADD	8842	0.3117	3.388	0.0007066	0.434537248	5028	3257	557	0.568649627	0.368355576	0.062994798	0.247172585
rs1873914_C	0.008929652	58	12	54665694	C	ADD	8840	-0.3061	-3.192	0.001419	0.521147405	5352	3050	438	0.605429864	0.345022624	0.049547511	0.222058824
rs6560711_G	0.006731916	56	10	1158563	G	ADD	8841	0.3306	3.308	0.0009429	0.4830989	5703	2786	352	0.645062776	0.315122724	0.039814501	0.197375862
rs1393734_T	0.006669624	57	17	47665244	T	ADD	8838	0.2902	3.595	0.0003264	0.372882999	2978	4296	1564	0.336954062	0.486082824	0.176963114	0.420004526
rs2448186_G	0.005778517	75	8	98643692	G	ADD	8842	0.3889	3.205	0.001357	0.518694998	6798	1909	135	0.768830581	0.21590138	0.015268039	0.123218729
rs2099301_T	0.00548708	50	7	3663409	T	ADD	8842	-0.3116	-3.183	0.001465	0.521147405	5551	2899	392	0.62779914	0.327866998	0.044333861	0.20826736
rs4693418_C	-0.004937167	55	4	83200205	C	ADD	8842	-0.2999	-3.622	0.0002938	0.37154838	3396	4212	1234	0.384076001	0.476362814	0.139561185	0.377742592
rs424672_G	-0.003586617	50	5	62612720	G	ADD	8823	-0.2867	-3.201	0.001372	0.518694998	4581	3579	663	0.519211153	0.405644339	0.075144509	0.277966678
rs6675679_T	0.003361241	44	1	94280780	T	ADD	8842	0.9466	3.446	0.0005723	0.41326284	8481	352	9	0.959172133	0.039809998	0.001017869	0.020922868
rs136100_T	0.002912608	100	22	45739908	T	ADD	8842	0.368	3.787	0.0001534	0.337554126	5350	3093	399	0.605066727	0.349807736	0.045125537	0.220029405
rs12208788_A	0.00254869	38	6	26506534	A	ADD	8841	0.3995	3.218	0.001293	0.516190259	6921	1794	126	0.782829997	0.202918222	0.014251781	0.115710892
rs9317873_C	-0.002381867	47	13	69538730	C	ADD	8842	-0.2849	-3.278	0.001051	0.496289704	4378	3669	795	0.495136847	0.414951368	0.089911785	0.297387469
rs17155132_A	0.002357907	41	8	8935292	A	ADD	8842	-0.4691	-3.373	0.0007463	0.443280568	7347	1415	80	0.830920606	0.160031667	0.009047727	0.08906356
rs933199_T	0.001535789	43	6	26220872	T	ADD	8841	0.2868	3.506	0.0004578	0.381213612	3257	4231	1353	0.36839724	0.478565773	0.153036987	0.392319873
rs914160_T	0.001504146	53	21	39857643	T	ADD	8841	0.2675	3.17	0.00153	0.521147405	3688	4103	1050	0.417147382	0.464087773	0.118764846	0.350808732
rs1031062_G	-0.001503058	53	18	48292120	G	ADD	8842	-0.4496	-3.268	0.001089	0.502399371	7361	1386	95	0.832503958	0.156751866	0.010744176	0.089120109
rs4973518_G	-0.000876804	43	2	232874650	G	ADD	8842	0.2894	3.581	0.0003443	0.376669324	2547	4477	1818	0.288057001	0.506333409	0.205609591	0.458776295
rs9939115_A	-0.000272747	55	16	17128060	A	ADD	8814	-0.2864	-3.173	0.001512	0.521147405	4687	3494	633	0.531767642	0.396414795	0.071817563	0.27002496
rs1886243_C	0.000220704	31	6	35225377	C	ADD	8842	0.2654	3.274	0.001064	0.496705092	3104	4263	1475	0.351051798	0.48213074	0.166817462	0.407882832
